     0/999     2.85G     0.586      2.95      1.64      5.18        15       576    0.0258    0.0484    0.0144    0.0271     0.452      1.92      0.76
     1/999     3.26G     0.459      1.32      1.26      3.04         9       640     0.159       0.2     0.112     0.117     0.359         1     0.604
     2/999     3.26G     0.458     0.879      1.25      2.58         1       640     0.159       0.2     0.112     0.117     0.359     0.874     0.604
     3/999     2.11G     0.833     0.652      1.27      2.76         3       448    0.0609    0.0211    0.0313    0.0313     0.803     0.641     0.587
     4/999     2.85G       0.8     0.588      1.02      2.41         2       576     0.155     0.394     0.192     0.201     0.761     0.531     0.414
     5/999     2.43G      0.69     0.527     0.737      1.95        19       512     0.215     0.365     0.262     0.262     0.732     0.638     0.375
     6/999     2.85G     0.653     0.502     0.669      1.82         1       576     0.227      0.39     0.279     0.283     0.626     0.556     0.278
     7/999     2.85G     0.603     0.514     0.544      1.66        32       576     0.202     0.508     0.286     0.259     0.631     0.626     0.263
     8/999     2.11G     0.604     0.496     0.478      1.58         1       448     0.272     0.582      0.35     0.338     0.581     0.618     0.338
     9/999      1.6G     0.585     0.499     0.418       1.5        55       320     0.214     0.517     0.348     0.278     0.597     0.595     0.238
    10/999     2.43G     0.564     0.501     0.368      1.43        38       512     0.267     0.531     0.417     0.332     0.587     0.536     0.197
    11/999     2.85G     0.576     0.443     0.333      1.35         1       576     0.488     0.642      0.55     0.502      0.59     0.481     0.173
    12/999     2.11G     0.556     0.417     0.283      1.26         1       448       0.4     0.552     0.517     0.437     0.583     0.476     0.255
    13/999     1.84G     0.574     0.468     0.325      1.37         2       384     0.311     0.642     0.555     0.395     0.569     0.534     0.162
    14/999     2.85G     0.547     0.443       0.3      1.29         4       576     0.284     0.655     0.545     0.379      0.56     0.498     0.208
    15/999     3.26G      0.52     0.545     0.267      1.33         0       640     0.114      0.67     0.314     0.192     0.545     0.938     0.226
    16/999     2.11G     0.487     0.576     0.275      1.34         5       448     0.236     0.669     0.485     0.345     0.515     0.598     0.266
    17/999     2.11G     0.477     0.496     0.219      1.19         1       448     0.308      0.67     0.584     0.415     0.488     0.596     0.301
    18/999      1.6G     0.459     0.543     0.263      1.26         6       320      0.29     0.677     0.616     0.402     0.501     0.565     0.239
    19/999     3.26G      0.46     0.498     0.252      1.21        32       640     0.332     0.677     0.644     0.439     0.496     0.562     0.248
    20/999      1.6G     0.463     0.533     0.246      1.24         3       320     0.347     0.683     0.594     0.457     0.502      0.59     0.176
    21/999     1.84G     0.454     0.539     0.231      1.22        12       384     0.331     0.677     0.561     0.441     0.503     0.606     0.212
    22/999     1.84G     0.463     0.527     0.234      1.22         1       384      0.38      0.67     0.629     0.482     0.494     0.554     0.243
    23/999     2.42G     0.447     0.563     0.234      1.24         2       512     0.344     0.685     0.543     0.449     0.507      0.58     0.215
    24/999     2.11G     0.434     0.584     0.245      1.26         1       448     0.313     0.675     0.603     0.418     0.514     0.592     0.585
    25/999      1.6G     0.431     0.547     0.228      1.21         3       320     0.358     0.684     0.627     0.462     0.495     0.568     0.385
    26/999      1.6G     0.439      0.49     0.194      1.12         1       320     0.465     0.683     0.667      0.55     0.486     0.551     0.163
    27/999     2.43G     0.441     0.481      0.17      1.09         1       512     0.461     0.663     0.652     0.533     0.476      0.55     0.172
    28/999     2.85G     0.435     0.528     0.184      1.15         2       576     0.388     0.686     0.643     0.483     0.489     0.548     0.249
    29/999     2.11G     0.447     0.518     0.202      1.17        36       448      0.37     0.681     0.653     0.471     0.487     0.615     0.344
    30/999      1.6G     0.423     0.525     0.188      1.14        34       320     0.356     0.685     0.633     0.461     0.487     0.605     0.231
    31/999     2.85G     0.419     0.508     0.179      1.11         2       576     0.407     0.682     0.651       0.5     0.492     0.533     0.287
    32/999     3.26G     0.442     0.447     0.173      1.06         1       640     0.435     0.676     0.661      0.52     0.476     0.516     0.268
    33/999     2.43G     0.432     0.495     0.202      1.13         4       512     0.449     0.677     0.581     0.522     0.484     0.558     0.399
    34/999     2.42G     0.415     0.489     0.156      1.06         3       512     0.381     0.578     0.549     0.457     0.488     0.541     0.583
    35/999      1.6G      0.43     0.476     0.154      1.06        22       320     0.457      0.68     0.646     0.539     0.473     0.536     0.222
    36/999     2.85G     0.428     0.453     0.169      1.05        20       576      0.44     0.562     0.565     0.492     0.472      0.54     0.295
    37/999     3.26G     0.419     0.436     0.149         1         9       640     0.422     0.685     0.665     0.509     0.472     0.518     0.229
    38/999     2.43G     0.431     0.488     0.151      1.07         1       512      0.48     0.678     0.636     0.559     0.495     0.555     0.259
    39/999     1.84G     0.426     0.502      0.14      1.07         6       384     0.438      0.69     0.664     0.527     0.472     0.543     0.312
    40/999     3.26G     0.423     0.418     0.145     0.986         5       640      0.58     0.685     0.683     0.626     0.468      0.51     0.238
    41/999     1.84G     0.423     0.538     0.147      1.11        30       384     0.526     0.687     0.665     0.592     0.478     0.528     0.294
    42/999      1.6G     0.416     0.512     0.131      1.06         3       320     0.495     0.689     0.674     0.572     0.476     0.537     0.536
    43/999      1.6G     0.415     0.453     0.182      1.05         2       320     0.472     0.688     0.662      0.56     0.481     0.524     0.231
    44/999     1.84G     0.405     0.479     0.149      1.03         1       384     0.471     0.686      0.67     0.551     0.473     0.546     0.267
    45/999     3.26G     0.407     0.423     0.146     0.976         1       640     0.583     0.679     0.676     0.624     0.463     0.532     0.268
    46/999     2.11G     0.428     0.457     0.155      1.04         1       448     0.477     0.688     0.675     0.557     0.476     0.525     0.166
    47/999     2.42G     0.415     0.452     0.118     0.986         1       512     0.628     0.688     0.679     0.644     0.474     0.517     0.292
    48/999     2.85G     0.419     0.449     0.151      1.02        18       576     0.544     0.688     0.683     0.596     0.469     0.501     0.223
    49/999     2.11G     0.423     0.442     0.126      0.99         2       448     0.567     0.686     0.682     0.615     0.462     0.499     0.174
    50/999     2.43G     0.416     0.484     0.116      1.02        32       512     0.535     0.688     0.674       0.6     0.459     0.505     0.246
    51/999     3.26G     0.425     0.388     0.145     0.958        22       640     0.531     0.689     0.686     0.594      0.46     0.497     0.252
    52/999     2.42G     0.411     0.478     0.144      1.03         1       512     0.452     0.689     0.671     0.539     0.469     0.501      0.29
    53/999     2.85G      0.41     0.483     0.134      1.03         3       576     0.503     0.689     0.664     0.579      0.46     0.518     0.306
    54/999     1.84G     0.403      0.49      0.16      1.05         5       384     0.569     0.686     0.682     0.618     0.462     0.492      0.31
    55/999     3.26G     0.406     0.474     0.111     0.991         1       640     0.557     0.691     0.684     0.614     0.468     0.513     0.227
    56/999      1.6G     0.418     0.373     0.119      0.91         2       320      0.58     0.688     0.687     0.628     0.455     0.491     0.398
    57/999     1.84G     0.405      0.45     0.103     0.959        29       384     0.532     0.689     0.681     0.592     0.464     0.508     0.373
    58/999     1.84G     0.386     0.469    0.0838     0.939         7       384     0.561     0.689     0.682     0.615     0.469     0.511     0.414
    59/999      1.6G       0.4     0.479     0.119     0.997         1       320     0.571      0.69     0.686     0.623     0.466      0.48     0.412
    60/999     2.85G     0.405     0.442     0.124      0.97         1       576     0.539     0.689     0.686     0.594     0.453     0.486     0.444
    61/999     1.84G     0.409     0.446     0.118     0.973         7       384     0.521     0.689     0.678     0.586     0.454     0.518     0.429
    62/999     2.42G     0.412     0.372     0.115     0.899         2       512     0.594     0.689     0.687     0.637     0.458     0.487     0.303
    63/999     2.11G     0.413     0.395     0.127     0.935         2       448     0.553     0.691     0.688     0.613      0.45     0.483     0.225
    64/999     2.85G     0.393     0.527     0.126      1.05        41       576     0.548     0.692     0.679     0.609     0.458     0.497     0.311
    65/999     2.11G     0.406     0.433     0.142      0.98         1       448     0.574     0.684     0.681     0.622     0.449     0.488     0.288
    66/999      1.6G     0.392     0.479     0.139      1.01        15       320     0.568     0.687     0.687     0.619     0.452     0.486     0.327
    67/999     2.43G     0.394     0.457     0.113     0.964         1       512      0.54     0.687     0.651     0.602     0.473     0.513     0.409
    68/999     2.11G     0.407     0.391     0.141     0.938        30       448     0.573     0.689     0.686     0.624     0.455     0.486     0.351
    69/999     2.43G     0.388     0.456      0.11     0.954        37       512     0.591     0.692     0.688     0.637     0.458     0.491     0.524
    70/999     2.85G     0.391     0.477     0.106     0.974        12       576     0.606     0.689     0.685     0.643     0.464     0.537     0.588
    71/999     3.26G     0.407     0.494     0.114      1.02         2       640     0.512     0.586     0.625     0.545     0.453     0.512      0.27
    72/999     1.84G     0.405     0.462    0.0906     0.957        40       384     0.585     0.687     0.684      0.63     0.467     0.517     0.242
    73/999     1.84G     0.388     0.463     0.128     0.979        19       384     0.554     0.686     0.684     0.606     0.466     0.494     0.291
    74/999     2.11G     0.397     0.424     0.106     0.927         1       448     0.573     0.687     0.687     0.621     0.464     0.474     0.421
    75/999      1.6G     0.389      0.51     0.097     0.996        26       320     0.518     0.686     0.635     0.583     0.478     0.498     0.537
    76/999      1.6G     0.399     0.455     0.104     0.957         2       320     0.556     0.691      0.69     0.612     0.459     0.464     0.469
    77/999     1.84G     0.413     0.401      0.11     0.924         4       384     0.565     0.691     0.688     0.615     0.448     0.471     0.335
    78/999      1.6G     0.399     0.427     0.101     0.927         1       320     0.555     0.688     0.677      0.61     0.457     0.496     0.359
    79/999     1.84G     0.388     0.457     0.109     0.954        55       384     0.562      0.69      0.68     0.618     0.446     0.474     0.348
    80/999     2.42G     0.403     0.437     0.098     0.938        15       512     0.576     0.684     0.683     0.623     0.448     0.484     0.393
    81/999     2.42G     0.393      0.46     0.112     0.966        38       512     0.548     0.689     0.681     0.608      0.45     0.495     0.456
    82/999     1.84G     0.386     0.478     0.121     0.984         9       384     0.625     0.685     0.678     0.651     0.464     0.533     0.546
    83/999     2.43G       0.4      0.46     0.123     0.983        51       512     0.565     0.688     0.677     0.618     0.467      0.55     0.363
    84/999     2.43G     0.388     0.464     0.139     0.991         1       512     0.541     0.687     0.682       0.6     0.471     0.529     0.349
    85/999     3.26G       0.4     0.469     0.133         1        47       640     0.574     0.689     0.686     0.623     0.452     0.524     0.239
    86/999     2.85G     0.397     0.409     0.106     0.912         1       576     0.603     0.691     0.687     0.642     0.454     0.509     0.307
    87/999     2.85G     0.392     0.437     0.124     0.952        31       576     0.521     0.689     0.686     0.577     0.457     0.503     0.389
    88/999     2.11G     0.396     0.426    0.0916     0.913        12       448     0.538     0.693     0.671     0.603     0.473     0.546     0.467
    89/999     2.42G     0.406     0.418     0.109     0.933        19       512     0.631     0.691     0.685     0.657     0.458     0.511     0.506
    90/999      1.6G     0.406      0.41     0.109     0.925        39       320     0.593     0.692     0.687     0.637     0.454     0.501     0.255
    91/999     2.43G     0.406     0.427     0.117      0.95        34       512     0.635     0.686     0.685     0.657     0.457     0.502      0.27
    92/999     2.85G     0.392     0.437     0.143     0.972         1       576     0.643     0.692     0.684     0.659     0.456     0.503     0.224
    93/999      1.6G     0.396     0.418     0.147     0.961         5       320     0.587     0.685     0.687      0.63      0.46     0.509     0.314
    94/999     2.43G     0.403     0.441      0.14     0.984        10       512     0.581     0.684     0.683     0.627     0.462     0.504     0.345
    95/999     1.84G     0.396     0.395     0.102     0.893        30       384     0.553     0.689     0.681     0.605      0.46     0.507     0.462
    96/999      1.6G     0.381     0.453     0.103     0.936         3       320     0.583     0.689     0.686     0.625     0.458     0.505     0.424
    97/999     3.26G     0.398     0.491     0.114         1        25       640     0.527      0.69     0.686     0.581     0.455       0.5      0.46
    98/999     1.84G     0.405     0.377    0.0934     0.875         5       384     0.591      0.69     0.689     0.634     0.448      0.48     0.393
    99/999     2.85G     0.389     0.501    0.0909     0.981         2       576     0.604     0.691     0.682     0.642     0.461     0.498     0.536
   100/999     2.11G     0.386     0.494     0.105     0.985        40       448     0.592     0.666     0.676     0.625     0.461     0.505     0.651
   101/999     2.43G     0.396     0.406     0.115     0.917         1       512      0.51     0.691     0.683     0.568     0.457     0.482     0.389
   102/999     2.11G     0.403     0.395     0.127     0.925        32       448     0.566     0.684     0.679     0.618     0.452     0.493     0.383
   103/999     3.26G      0.38     0.465     0.124     0.969         8       640     0.499     0.692     0.673     0.576     0.446     0.487     0.407
   104/999     3.26G     0.389      0.47     0.099     0.957        19       640     0.495     0.693     0.682     0.559     0.457     0.492     0.619
   105/999      1.6G     0.396     0.429    0.0889     0.914        45       320     0.498     0.684     0.683     0.545     0.464     0.524     0.453
   106/999      1.6G     0.403     0.452     0.101     0.957        16       320     0.593     0.673     0.682     0.626      0.45     0.512      0.36
   107/999     2.11G     0.394     0.398    0.0803     0.872         3       448     0.549     0.692     0.688     0.603     0.448     0.485     0.367
   108/999     2.85G     0.381     0.421    0.0978     0.899         2       576     0.575     0.688     0.688     0.619     0.447     0.494      0.42
   109/999     1.84G     0.397     0.392    0.0876     0.877         2       384      0.63     0.688     0.687     0.655     0.454     0.488     0.466
   110/999     2.11G     0.391     0.451    0.0919     0.933         3       448     0.569     0.692     0.689     0.619     0.449     0.494     0.468
   111/999      1.6G      0.39     0.445     0.103     0.938         1       320     0.585     0.686     0.687     0.629     0.443     0.494     0.413
   112/999      1.6G     0.394     0.398     0.103     0.895         1       320     0.557     0.689     0.689     0.608     0.447     0.491     0.407
   113/999     1.84G     0.377     0.469     0.121     0.968         1       384     0.561     0.688     0.689     0.609     0.447     0.489     0.731
   114/999     2.43G     0.395     0.401     0.117     0.913        13       512      0.53      0.69     0.638     0.586      0.45     0.484      0.58
   115/999     2.85G     0.399     0.394     0.121     0.914         2       576     0.564     0.692     0.683      0.62     0.451     0.483     0.449
   116/999     2.42G     0.385     0.421    0.0838      0.89         2       512     0.603      0.69     0.688     0.641     0.445      0.49     0.503
   117/999     3.26G     0.391     0.369    0.0745     0.834         1       640     0.569     0.688     0.687     0.615     0.445     0.488     0.556
   118/999     3.26G     0.396     0.377    0.0868      0.86         2       640     0.582     0.687     0.686     0.627     0.449     0.496     0.566
   119/999     2.85G     0.399      0.39    0.0905     0.879         2       576     0.596     0.688     0.687     0.636     0.444     0.486     0.471
   120/999     2.85G     0.402     0.371    0.0765      0.85         1       576      0.59     0.686     0.685     0.631      0.45     0.493     0.502
   121/999     2.42G     0.401     0.392    0.0798     0.873         1       512     0.578     0.685     0.683     0.622     0.453     0.503      0.33
   122/999     1.84G       0.4     0.378    0.0902     0.869         1       384     0.579     0.685     0.661     0.625     0.448      0.51     0.446
   123/999      1.6G     0.395     0.382    0.0993     0.877        31       320     0.567     0.687     0.686     0.618     0.447      0.48     0.402
   124/999     2.85G     0.382      0.45    0.0856     0.918        53       576     0.564     0.689     0.687     0.616     0.449     0.486      0.56
   125/999     2.43G     0.377      0.43     0.101     0.909        40       512     0.582     0.686     0.688     0.625     0.452     0.483     0.516
   126/999     2.43G     0.386     0.403    0.0629     0.852        13       512     0.586     0.685     0.686     0.629     0.455     0.479     0.512
   127/999     2.85G     0.391       0.4     0.053     0.844        19       576     0.591      0.69     0.688     0.634     0.452     0.476     0.477
   128/999     1.84G     0.374     0.437    0.0722     0.883         2       384     0.572     0.689     0.686     0.621     0.449     0.484     0.422
   129/999     2.85G     0.377     0.391    0.0764     0.844         6       576     0.561     0.691     0.685     0.613     0.448     0.493     0.533
   130/999     2.85G     0.395     0.372    0.0732      0.84         1       576     0.568     0.686     0.637     0.613     0.441     0.473     0.421
   131/999     2.43G     0.385     0.401    0.0791     0.864         7       512     0.603      0.69     0.689     0.643     0.446     0.488     0.403
   132/999     2.85G     0.386     0.415     0.119      0.92        23       576     0.578     0.689     0.684     0.627     0.451     0.506     0.635
   133/999     2.85G     0.397     0.364     0.132     0.893         1       576     0.538     0.687     0.683     0.599      0.45     0.492     0.407
   134/999     2.11G     0.405     0.349     0.106     0.861         1       448     0.546     0.685     0.635     0.591     0.445     0.497     0.435
   135/999     1.84G     0.395     0.392     0.096     0.883        16       384     0.571     0.681     0.683     0.616     0.456     0.531      0.42
   136/999     1.84G     0.385     0.411    0.0896     0.886         3       384     0.551     0.689     0.683     0.605     0.454     0.521     0.432
   137/999     2.11G     0.388     0.387    0.0815     0.856         1       448     0.524     0.682     0.676      0.58     0.457      0.51     0.392
   138/999     2.11G     0.381     0.457    0.0889     0.926         2       448     0.558     0.681     0.682     0.608     0.449     0.509     0.491
   139/999     3.26G     0.385     0.423    0.0942     0.902         1       640     0.567     0.685     0.683     0.614     0.442     0.497     0.373
   140/999     3.26G     0.395     0.369    0.0865     0.851         2       640     0.564     0.686     0.686      0.61     0.446     0.503     0.365
   141/999      1.6G     0.385     0.405      0.11       0.9         1       320     0.562     0.688     0.687     0.609     0.444     0.507     0.568
   142/999     2.43G     0.396     0.369    0.0786     0.844         2       512     0.628     0.688     0.688     0.655     0.438     0.486     0.449
   143/999     2.11G     0.374     0.397    0.0763     0.847        10       448     0.631     0.686     0.688     0.656     0.444     0.489     0.376
   144/999      1.6G     0.384      0.41    0.0857      0.88        29       320     0.597     0.688     0.688     0.637     0.442     0.498     0.371
   145/999     2.43G     0.382     0.415    0.0751     0.873         1       512     0.585     0.691     0.689     0.632     0.452     0.501     0.417
   146/999      1.6G     0.386     0.366     0.065     0.817         3       320     0.596     0.687     0.685     0.635     0.445      0.49     0.386
   147/999     2.11G     0.367     0.449    0.0986     0.915         3       448     0.577     0.692     0.687     0.623     0.451     0.514     0.464
   148/999     3.26G      0.39     0.384    0.0794     0.853         5       640     0.637     0.689     0.687      0.66     0.442     0.493      0.41
   149/999      1.6G      0.38     0.419    0.0858     0.886         1       320     0.657     0.688     0.688      0.67     0.442     0.493     0.507
   150/999     2.11G     0.388     0.386    0.0957      0.87        35       448     0.559     0.688     0.687     0.609     0.451     0.503     0.577
   151/999     2.43G     0.387     0.401    0.0859     0.874        29       512     0.551     0.691     0.678     0.601     0.451     0.508     0.421
   152/999     3.26G     0.386     0.385    0.0636     0.835        37       640     0.553     0.691     0.687       0.6     0.444     0.484     0.565
   153/999     2.85G     0.381     0.427     0.103     0.911         5       576      0.55     0.685     0.687     0.597     0.449      0.49     0.465
   154/999     2.85G     0.385     0.402    0.0633      0.85         1       576     0.589     0.688     0.684     0.634      0.45     0.487     0.372
   155/999      1.6G     0.387      0.39    0.0626      0.84         1       320     0.632     0.688     0.687     0.656     0.444     0.484     0.338
   156/999      1.6G     0.387     0.345    0.0755     0.807         5       320      0.57     0.687     0.686     0.615     0.443     0.484     0.476
   157/999     2.11G     0.392     0.415    0.0905     0.897        13       448     0.583     0.691     0.639     0.627     0.441      0.49     0.531
   158/999     2.43G     0.382     0.428    0.0814     0.892        24       512     0.499      0.59     0.598      0.54     0.443     0.486     0.524
   159/999      1.6G      0.38     0.413    0.0842     0.877         1       320     0.508     0.587     0.587     0.544     0.443     0.488      0.52
   160/999     2.43G     0.388     0.404    0.0901     0.882        15       512     0.519     0.591     0.601     0.552     0.453     0.512     0.405
   161/999     2.11G     0.379     0.432    0.0745     0.885         3       448     0.551     0.632     0.622     0.586     0.449     0.491      0.41
   162/999     3.26G     0.393     0.397    0.0722     0.862        20       640      0.59     0.688     0.622     0.631     0.448     0.495     0.528
   163/999     1.84G     0.379     0.429    0.0773     0.886        30       384     0.594     0.689     0.685     0.636     0.443     0.476     0.561
   164/999      1.6G      0.39     0.395    0.0644      0.85         1       320      0.58     0.688     0.687     0.627     0.445     0.475      0.48
   165/999     2.43G     0.373     0.421    0.0679     0.862        40       512     0.574      0.69     0.687     0.624     0.445     0.477      0.63
   166/999      1.6G      0.39     0.376    0.0899     0.856         8       320     0.547     0.692     0.686     0.607     0.444     0.482     0.621
   167/999     3.26G     0.369     0.431    0.0714     0.871         1       640     0.581     0.693      0.69     0.631     0.448     0.499     0.471
   168/999     1.84G       0.4     0.328    0.0857     0.814         2       384     0.643     0.692      0.69     0.665     0.441     0.471     0.511
   169/999     2.11G     0.381     0.419       0.1     0.901         1       448     0.586     0.691      0.69     0.633     0.444     0.491     0.474
   170/999     2.85G     0.391     0.364    0.0869     0.842        34       576     0.628      0.69     0.687     0.656     0.439      0.49     0.406
   171/999     3.26G      0.38     0.389    0.0819     0.851        32       640     0.637      0.69     0.688     0.661     0.441     0.478     0.538
   172/999     1.84G     0.382     0.416    0.0844     0.882         2       384      0.59     0.693     0.689     0.636      0.45      0.48     0.542
   173/999     2.43G     0.386     0.402    0.0729     0.861         1       512     0.611     0.693     0.688     0.647     0.452     0.491     0.365
   174/999     1.84G     0.375     0.434    0.0622     0.871         2       384     0.611     0.692     0.687     0.648      0.45     0.492     0.359
   175/999     1.84G     0.378     0.413    0.0592      0.85         2       384     0.599     0.694     0.687     0.641     0.451     0.505     0.559
   176/999     1.84G     0.378     0.434    0.0594     0.871         2       384     0.598     0.694     0.687     0.639     0.451     0.484     0.461
   177/999     1.84G     0.378      0.41    0.0615     0.849        14       384     0.557     0.693     0.689     0.611     0.455     0.481      0.45
   178/999     1.84G     0.386     0.386    0.0708     0.842         2       384     0.579     0.692     0.689     0.628     0.453     0.474     0.442
   179/999     2.11G     0.372     0.409     0.096     0.877         2       448     0.587     0.691     0.689     0.632     0.441     0.455     0.508
   180/999      1.6G     0.367      0.39    0.0884     0.845         1       320     0.576      0.69     0.689     0.623     0.439     0.476     0.566
   181/999     2.11G     0.374     0.407    0.0721     0.852        30       448     0.573     0.685     0.687     0.618     0.446     0.481     0.501
   182/999     1.84G     0.388     0.346    0.0938     0.827        10       384     0.602     0.691     0.688     0.641     0.445     0.483      0.35
   183/999     1.84G     0.379     0.399    0.0812     0.859        30       384     0.585      0.69     0.687     0.631      0.44     0.469     0.419
   184/999     3.26G     0.375       0.4    0.0908     0.865        11       640     0.583     0.691      0.69     0.627     0.439     0.466     0.472
   185/999     1.84G     0.389     0.372    0.0742     0.836         1       384     0.578     0.693     0.688     0.628     0.448     0.476     0.395
   186/999     2.11G     0.385     0.387     0.106     0.878        11       448     0.558     0.693     0.687     0.609     0.448     0.506     0.534
   187/999     2.85G     0.367     0.415    0.0693     0.851        76       576     0.533     0.689     0.685     0.581     0.455     0.521     0.657
   188/999     3.26G      0.39     0.377    0.0704     0.837         2       640     0.581      0.69     0.684     0.625     0.446     0.507     0.552
   189/999      1.6G     0.388     0.371    0.0934     0.853         3       320     0.583     0.689     0.685     0.627     0.439     0.479     0.503
   190/999     3.26G     0.379     0.355      0.08     0.815         3       640     0.573     0.691     0.688     0.622      0.44     0.469     0.483
   191/999     1.84G     0.371     0.392    0.0803     0.843         2       384     0.596     0.689     0.688     0.636     0.445     0.491     0.489
   192/999      1.6G     0.387     0.379    0.0579     0.824         7       320     0.601     0.688     0.688     0.638     0.443     0.491     0.485
   193/999     2.43G     0.366     0.447    0.0654     0.879         2       512     0.569     0.689     0.688     0.618     0.447     0.502     0.567
   194/999     2.85G     0.383     0.368    0.0654     0.816         1       576     0.587      0.69     0.689     0.631      0.44     0.486     0.492
   195/999      1.6G     0.373     0.397    0.0755     0.846         1       320     0.601      0.69     0.689      0.64     0.439     0.482     0.441
   196/999     2.43G     0.383     0.396    0.0874     0.867         2       512     0.595     0.694     0.689     0.638     0.437     0.467     0.571
   197/999     1.84G     0.384     0.341    0.0691     0.794         2       384     0.594     0.693     0.687     0.637      0.44     0.476     0.454
   198/999     2.85G     0.376       0.4    0.0752     0.851         2       576     0.594     0.693     0.688     0.637     0.442     0.486     0.475
   199/999     1.84G     0.372      0.43    0.0608     0.862         1       384       0.6     0.695     0.688     0.641     0.441     0.479     0.496
   200/999     2.11G     0.377     0.376    0.0696     0.823        48       448     0.588     0.694     0.687     0.634     0.444     0.477     0.486
   201/999     2.43G     0.386     0.366     0.065     0.817         1       512     0.599     0.691     0.687     0.639     0.442     0.492     0.417
   202/999     2.85G     0.378     0.419    0.0796     0.876        40       576     0.604     0.694     0.689     0.644     0.451     0.495     0.523
   203/999     2.85G     0.383     0.354    0.0663     0.803        30       576     0.604     0.688     0.687      0.64     0.442     0.474     0.562
   204/999      1.6G     0.375     0.386    0.0599     0.821         2       320     0.604     0.689     0.687     0.641     0.443     0.466     0.527
   205/999     1.84G     0.368     0.386     0.071     0.825         1       384     0.592     0.692     0.637     0.637     0.445     0.465     0.534
   206/999     2.43G     0.376     0.406    0.0848     0.866         1       512     0.595     0.688     0.686     0.636      0.44     0.468     0.528
   207/999     3.26G     0.391     0.346    0.0668     0.804         0       640     0.605     0.688     0.688     0.641     0.439      0.47     0.477
   208/999     3.26G     0.381     0.418    0.0536     0.852         2       640     0.609      0.69     0.687     0.645     0.445     0.462      0.54
   209/999     2.42G     0.381     0.412     0.065     0.857        14       512     0.617     0.691     0.689      0.65     0.437      0.46     0.515
   210/999      1.6G     0.375     0.376    0.0755     0.826         1       320     0.609      0.69      0.69     0.645      0.44     0.455     0.513
   211/999     1.84G     0.362      0.41    0.0659     0.838         1       384     0.599      0.69     0.688      0.64     0.442     0.458     0.437
   212/999     2.11G     0.386     0.354    0.0559     0.796        13       448     0.599      0.69     0.689      0.64     0.443     0.456     0.504
   213/999     2.85G     0.376     0.367    0.0724     0.816         1       576     0.603      0.69     0.687     0.641     0.445     0.455     0.548
   214/999     2.85G     0.371     0.372    0.0646     0.807        27       576     0.599     0.689     0.686     0.638     0.442     0.459     0.477
   215/999     2.11G     0.374       0.4    0.0631     0.838         2       448     0.609     0.688     0.687     0.643     0.441     0.476     0.408
   216/999      1.6G      0.38     0.392    0.0559     0.828        35       320     0.601     0.689     0.688     0.639     0.436     0.459     0.546
   217/999     1.84G     0.371     0.398    0.0487     0.818         1       384     0.606     0.689     0.687     0.641     0.436     0.445     0.428
   218/999     2.43G     0.369     0.393    0.0638     0.826         3       512     0.578     0.692     0.687     0.623     0.441     0.451     0.662
   219/999     2.85G     0.365     0.377    0.0624     0.804         7       576     0.586     0.691     0.687     0.631     0.443     0.463     0.456
   220/999     3.26G     0.371      0.38     0.101     0.852         1       640     0.591     0.693     0.688     0.632     0.443     0.473     0.464
   221/999     1.84G     0.373      0.39     0.067      0.83         1       384     0.585     0.687     0.685     0.624      0.44     0.474     0.512
   222/999     2.43G     0.382     0.348    0.0768     0.808         2       512     0.586     0.685     0.685     0.624     0.439     0.477     0.524
   223/999     2.11G     0.372     0.365    0.0715     0.809        14       448       0.6     0.688     0.683     0.638     0.442     0.479      0.52
   224/999     2.43G     0.376     0.373    0.0694     0.818         2       512     0.588     0.692     0.685     0.633     0.439     0.471     0.428
   225/999     2.43G      0.37     0.381    0.0626     0.813         2       512     0.607     0.686     0.682      0.64     0.438      0.47     0.491
   226/999      1.6G      0.38     0.381    0.0531     0.814         4       320     0.594     0.686     0.684     0.631     0.436     0.464      0.49
   227/999      1.6G     0.376     0.383    0.0865     0.845         3       320     0.591     0.692     0.683     0.635     0.442      0.46     0.427
   228/999     2.43G      0.38     0.364    0.0561       0.8         1       512     0.599     0.689     0.683     0.637     0.436     0.458     0.366
   229/999     3.26G     0.374     0.386    0.0565     0.816         1       640     0.598     0.686     0.685     0.635     0.439     0.459      0.51
   230/999     3.26G     0.378     0.365    0.0767      0.82         1       640     0.601     0.684     0.684     0.637     0.441     0.475     0.574
   231/999     1.84G     0.379     0.345    0.0712     0.795         3       384     0.584     0.688     0.684     0.626     0.438     0.463     0.589
   232/999     2.85G      0.38     0.352    0.0624     0.794         1       576     0.583     0.686      0.68     0.625     0.439     0.474     0.499
   233/999     2.42G      0.36     0.408    0.0545     0.823        13       512     0.599     0.686     0.686     0.638     0.439     0.485     0.369
   234/999     2.85G     0.381     0.342    0.0634     0.787        35       576     0.599     0.686     0.684     0.637     0.437      0.46     0.393
   235/999     1.84G     0.382     0.329    0.0476     0.759         4       384     0.598     0.687     0.685     0.637      0.44     0.468     0.387
   236/999     2.11G     0.376     0.396    0.0719     0.843         2       448     0.606     0.686     0.683      0.64     0.436     0.464     0.421
   237/999     3.26G     0.371     0.398    0.0555     0.824         1       640     0.606     0.686     0.684      0.64     0.438     0.472     0.428
   238/999     2.43G     0.376     0.326    0.0507     0.753        66       512     0.612     0.689     0.686     0.645     0.439     0.464     0.442
   239/999      1.6G     0.364     0.378    0.0672      0.81        14       320     0.564     0.687     0.682     0.612     0.442     0.515     0.709
   240/999     1.84G     0.356     0.367    0.0507     0.774         1       384      0.59     0.685     0.684      0.63     0.439      0.47      0.59
   241/999     1.84G     0.387     0.331    0.0631     0.781         5       384     0.602     0.686     0.686     0.637     0.437     0.456     0.525
   242/999     1.84G      0.37     0.368    0.0464     0.784         2       384     0.597     0.686     0.683     0.634     0.441     0.469     0.472
   243/999     2.85G      0.38      0.33    0.0596      0.77         2       576       0.6     0.688     0.685     0.638     0.437     0.452     0.537
   244/999     1.84G     0.379     0.333     0.059     0.771        22       384     0.608     0.688     0.684     0.643     0.439     0.475     0.557
   245/999      1.6G     0.356      0.41    0.0535     0.819         2       320     0.604      0.69     0.685     0.642     0.445     0.505     0.524
   246/999     1.84G     0.366     0.393    0.0474     0.807         9       384     0.604      0.69     0.687     0.642     0.448     0.504     0.477
   247/999      1.6G      0.37     0.358    0.0526     0.781         1       320     0.611     0.689     0.687     0.645     0.437     0.469     0.496
   248/999     2.85G     0.381      0.33    0.0593     0.771        39       576     0.608     0.689     0.685     0.643     0.436     0.464     0.457
   249/999     2.11G     0.374     0.377    0.0752     0.826         1       448     0.613     0.692     0.687     0.647     0.437     0.471     0.431
   250/999     2.11G     0.353     0.391    0.0609     0.805         7       448     0.614     0.691     0.689     0.648     0.441     0.463     0.479
   251/999     2.85G     0.368     0.397    0.0611     0.826        32       576       0.6     0.692     0.687     0.641      0.44     0.465     0.545
   252/999     2.11G     0.367     0.414     0.055     0.835        30       448     0.588     0.691     0.682     0.631     0.439     0.473     0.592
   253/999     2.43G     0.366     0.402    0.0523     0.821         1       512     0.599     0.689     0.686     0.638     0.438     0.476     0.579
   254/999     2.42G     0.372     0.384    0.0694     0.825         1       512     0.605      0.69     0.687     0.642     0.436     0.476     0.488
   255/999     2.42G     0.369     0.355    0.0662      0.79         1       512     0.609     0.689     0.687     0.643     0.438     0.471     0.455
   256/999     2.42G     0.375     0.353    0.0624     0.791        45       512     0.593     0.691     0.686     0.634     0.437     0.463      0.38
   257/999     3.26G     0.372     0.354    0.0659     0.792         2       640     0.589     0.689     0.686     0.629     0.436      0.46     0.469
   258/999     1.84G     0.367     0.376     0.062     0.805        47       384     0.606     0.689     0.686     0.643     0.437      0.46     0.562
   259/999     2.11G     0.381     0.344    0.0566     0.782         4       448     0.637     0.688     0.685      0.66     0.436     0.463     0.473
   260/999     3.26G     0.371     0.371    0.0562     0.799        36       640     0.589     0.689     0.683      0.63     0.442     0.488     0.428
   261/999     2.42G     0.374     0.363    0.0663     0.803        40       512     0.596      0.69     0.683     0.635     0.437     0.467     0.468
   262/999     3.26G     0.369     0.376    0.0544     0.799        29       640     0.602     0.689     0.682      0.64     0.446       0.5     0.345
   263/999     2.85G     0.376     0.377    0.0589     0.812         5       576     0.613     0.692     0.684     0.647     0.436     0.481     0.376
   264/999     2.42G     0.374     0.399    0.0594     0.832         5       512     0.612     0.692     0.686     0.647     0.438     0.484     0.376
   265/999     2.11G     0.368     0.375     0.071     0.813         1       448     0.599      0.69     0.683     0.639     0.438     0.476     0.526
   266/999     2.43G     0.368     0.392    0.0598     0.819         2       512     0.607     0.692     0.688     0.644     0.441     0.469     0.478
   267/999     1.84G     0.369     0.396    0.0607     0.825        14       384     0.603     0.694     0.687     0.642     0.442     0.471     0.447
   268/999     2.85G     0.371     0.375    0.0576     0.803         2       576     0.589     0.692     0.685     0.633     0.442     0.468     0.541
   269/999      1.6G      0.37     0.387    0.0704     0.828        29       320     0.581     0.691     0.679     0.629     0.441     0.482      0.65
   270/999     2.85G     0.372     0.376    0.0751     0.823        31       576     0.573     0.691     0.673     0.625     0.446     0.474     0.584
   271/999     2.11G     0.367     0.395    0.0666     0.829         1       448     0.601     0.686     0.684     0.638     0.443     0.475      0.53
   272/999     2.43G     0.359     0.429    0.0704     0.859         1       512     0.589     0.686     0.683     0.629     0.443       0.5     0.554
   273/999     2.85G     0.375     0.339    0.0555     0.769         1       576     0.598     0.689     0.685     0.637     0.437     0.479     0.567
   274/999     2.11G     0.368     0.397    0.0632     0.828         1       448     0.576     0.692     0.685     0.622     0.437     0.466     0.566
   275/999     3.26G     0.371     0.389    0.0582     0.818        38       640     0.592     0.691     0.686     0.635     0.444     0.473     0.547
   276/999     1.84G     0.379     0.386     0.102     0.866         3       384      0.62     0.688     0.686     0.651     0.438     0.466     0.541
   277/999     2.85G     0.373     0.382     0.125      0.88         2       576     0.653      0.69     0.685     0.661     0.447     0.503     0.597
   278/999     1.84G     0.384     0.375    0.0979     0.857         1       384     0.547     0.689     0.684     0.595     0.442     0.498     0.542
   279/999      1.6G     0.365     0.428    0.0826     0.876         2       320     0.521     0.691     0.684     0.579     0.443     0.506     0.501
   280/999     3.26G     0.381     0.376    0.0979     0.855        29       640     0.536     0.688     0.683     0.596     0.441     0.501     0.556
   281/999     2.11G     0.371     0.378    0.0878     0.837         3       448     0.552     0.686     0.682     0.607     0.438     0.499     0.557
   282/999     1.84G     0.392      0.35    0.0889     0.831         2       384      0.59     0.687     0.686     0.633     0.439     0.495     0.471
   283/999     2.42G     0.381     0.383    0.0854      0.85         2       512     0.634      0.68     0.687     0.654      0.44     0.486     0.477
   284/999     1.84G     0.375     0.375    0.0763     0.827         2       384     0.622     0.691     0.689     0.652     0.442     0.475     0.405
   285/999     2.43G     0.378     0.382     0.072     0.832         3       512     0.624     0.691     0.689     0.654     0.439      0.48     0.519
   286/999     2.85G     0.352     0.433    0.0699     0.855         2       576     0.617     0.693     0.689     0.652     0.447     0.496     0.478
   287/999     2.85G     0.355     0.396    0.0538     0.804         7       576     0.643     0.692     0.689     0.665     0.442     0.489     0.538
   288/999      1.6G     0.367     0.382    0.0626     0.811        24       320     0.636     0.691     0.688      0.66     0.436     0.478     0.481
   289/999     1.84G     0.363     0.398    0.0552     0.816        15       384     0.635     0.694     0.685     0.661     0.439     0.488     0.563
   290/999     1.84G     0.373     0.358    0.0456     0.776         0       384     0.632     0.693     0.686     0.659     0.435     0.479     0.574
   291/999     1.84G     0.367     0.349    0.0565     0.773         2       384     0.637     0.694     0.691     0.663     0.434     0.471     0.599
   292/999     2.85G     0.374     0.339    0.0673      0.78         2       576     0.645     0.692      0.69     0.666     0.434      0.47     0.554
   293/999     1.84G     0.379     0.334    0.0652     0.778         1       384     0.636     0.694     0.689     0.661     0.434     0.471     0.467
   294/999     2.11G     0.366     0.363     0.059     0.788         3       448     0.604     0.692     0.687     0.643     0.435     0.462     0.455
   295/999     2.42G     0.376     0.359    0.0587     0.794         1       512     0.617     0.692     0.685     0.651     0.434     0.466     0.398
   296/999      1.6G     0.368     0.367    0.0654     0.801         3       320     0.616     0.691     0.685      0.65     0.437     0.487     0.434
   297/999      1.6G     0.369     0.395    0.0539     0.817        31       320     0.628     0.692     0.687     0.657     0.436     0.474     0.507
   298/999     2.43G     0.364     0.394    0.0615     0.819         3       512     0.598     0.692     0.686      0.64     0.439     0.468     0.499
   299/999     1.84G     0.377     0.359    0.0482     0.784        32       384     0.597     0.693     0.686      0.64      0.44      0.47     0.481
   300/999     2.42G     0.369     0.361     0.054     0.784         7       512     0.628     0.693     0.685     0.657     0.438     0.464      0.57
   301/999     1.84G     0.358     0.408    0.0567     0.823         1       384     0.618     0.694     0.686     0.653     0.438     0.472     0.588
   302/999      1.6G     0.367     0.366    0.0524     0.785         2       320     0.622     0.691     0.684     0.654     0.436     0.472     0.541
   303/999     3.26G     0.379     0.326    0.0577     0.763         1       640     0.622     0.693     0.683     0.654     0.438     0.484     0.563
   304/999      1.6G     0.367     0.369    0.0554     0.792         4       320     0.625     0.691     0.684     0.654     0.437      0.48     0.625
   305/999      1.6G     0.366     0.369    0.0447     0.779        28       320     0.633     0.691     0.687     0.659     0.437     0.478     0.558
   306/999     3.26G     0.366     0.359    0.0668     0.792        26       640     0.622      0.69     0.687     0.653     0.437     0.471     0.556
   307/999     1.84G     0.367     0.372    0.0638     0.803         1       384     0.598     0.689     0.684      0.64      0.44     0.485     0.587
   308/999     1.84G     0.367      0.35    0.0476     0.765         1       384      0.58     0.688     0.687     0.626     0.437     0.473      0.55
   309/999     1.84G     0.355     0.378     0.051     0.784         2       384     0.587     0.687     0.686     0.631     0.436     0.473     0.562
   310/999     2.43G     0.357     0.396     0.059     0.812         3       512     0.559     0.689     0.685     0.612     0.439     0.486     0.588
   311/999     2.85G     0.367     0.366    0.0459     0.778         1       576     0.585     0.689     0.683     0.631     0.439     0.493     0.584
   312/999     3.26G     0.372     0.361    0.0426     0.775         0       640     0.588     0.691     0.684     0.634     0.436      0.47      0.59
   313/999     3.26G     0.365     0.336    0.0458     0.747         1       640     0.591     0.692     0.682     0.636     0.435     0.479     0.675
   314/999     2.42G     0.361     0.406    0.0476     0.815         1       512     0.592     0.692     0.686     0.636     0.438     0.483     0.662
   315/999     2.85G     0.397     0.299    0.0587     0.755         2       576     0.609     0.694     0.688     0.646     0.434     0.454     0.592
   316/999     2.11G     0.375     0.347    0.0554     0.777         1       448     0.605     0.691     0.687     0.643      0.44     0.458     0.539
   317/999     3.26G     0.352     0.392    0.0541     0.799         1       640     0.596      0.69     0.688     0.638     0.445     0.488      0.54
   318/999     2.43G     0.379     0.326    0.0588     0.764         3       512     0.602      0.69     0.687     0.642     0.439     0.479     0.577
   319/999     2.85G     0.367     0.367     0.056      0.79         2       576     0.616      0.69     0.686      0.65     0.437     0.469     0.642
   320/999     2.11G     0.375     0.347    0.0552     0.777         1       448     0.614      0.69     0.688     0.648     0.439     0.486     0.611
   321/999      1.6G      0.37     0.361    0.0444     0.775         9       320     0.611     0.689     0.688     0.646      0.44     0.484     0.554
   322/999     1.84G     0.371     0.359    0.0435     0.774        42       384     0.588     0.692     0.688     0.631     0.439     0.474     0.564
   323/999     2.11G     0.372     0.343     0.047     0.762        36       448     0.579     0.691     0.686     0.626     0.437     0.483      0.57
   324/999     1.84G     0.365     0.321    0.0418     0.727         0       384     0.563     0.689     0.681     0.613      0.44     0.496      0.54
   325/999     2.85G     0.369     0.385    0.0597     0.814         1       576     0.604     0.692     0.684     0.643     0.436     0.482     0.499
   326/999      1.6G     0.347     0.418    0.0714     0.836         1       320     0.562     0.691     0.686     0.614     0.441     0.506     0.544
   327/999     3.26G     0.354     0.406    0.0699      0.83         2       640     0.601     0.692     0.685     0.641     0.438     0.478     0.464
   328/999     1.84G     0.375     0.338    0.0635     0.776         2       384     0.611     0.691     0.684     0.646     0.434     0.467     0.636
   329/999     2.85G     0.371     0.343    0.0585     0.773         2       576     0.595     0.692     0.685     0.637     0.436      0.47     0.565
   330/999     2.42G     0.358     0.376    0.0721     0.807         3       512     0.587     0.692     0.687     0.633     0.441     0.473     0.529
   331/999     2.42G      0.35     0.414    0.0543     0.818         8       512     0.588     0.691     0.685     0.633     0.444     0.478     0.522
   332/999     1.84G     0.362      0.39    0.0463     0.799        21       384     0.606     0.688     0.687     0.642     0.443     0.478     0.481
   333/999      1.6G      0.37     0.362    0.0461     0.778         1       320     0.603     0.692     0.689     0.643      0.44     0.477     0.513
   334/999     2.85G     0.355     0.367    0.0676      0.79         1       576      0.58     0.692     0.685     0.629     0.436     0.484     0.464
   335/999     3.26G     0.381     0.332    0.0822     0.796         1       640     0.595     0.692     0.686     0.638     0.436     0.475     0.366
   336/999     2.11G     0.361     0.387    0.0754     0.823         1       448     0.551      0.69     0.684      0.61     0.438     0.499     0.445
   337/999     2.11G     0.364     0.395    0.0848     0.844        50       448     0.555     0.692     0.689     0.613      0.44     0.493     0.477
   338/999     2.11G     0.353     0.374    0.0757     0.803        25       448     0.584     0.691     0.688     0.629     0.445     0.495     0.511
   339/999      1.6G     0.369     0.356    0.0567     0.782        34       320      0.58     0.692     0.686     0.628     0.444      0.49     0.633
   340/999      1.6G      0.36     0.377    0.0585     0.796        31       320     0.572     0.692     0.687     0.622     0.442     0.488     0.662
   341/999      1.6G     0.374     0.363    0.0629       0.8         1       320     0.597     0.691     0.685     0.639      0.44     0.473     0.619
   342/999     3.26G     0.372     0.337    0.0561     0.765         2       640     0.606     0.692     0.688     0.645     0.438     0.466     0.593
   343/999     2.85G      0.36     0.391    0.0531     0.804         2       576     0.608     0.691     0.688     0.645     0.435     0.471     0.637
   344/999      1.6G     0.382     0.322    0.0542     0.758        10       320     0.615     0.693     0.686      0.65     0.434     0.464     0.556
   345/999      1.6G     0.369     0.366    0.0604     0.795         1       320     0.623     0.692     0.686     0.654     0.435      0.47     0.514
   346/999     2.42G     0.371     0.347    0.0535     0.771         4       512     0.633     0.692      0.69     0.659     0.436     0.474     0.526
   347/999      1.6G     0.357     0.372    0.0707       0.8        22       320     0.636     0.693     0.687     0.661     0.437     0.467     0.507
   348/999      1.6G     0.367     0.378    0.0395     0.785         1       320     0.637     0.694     0.686     0.662     0.437     0.478     0.523
   349/999     2.85G     0.378     0.344    0.0607     0.783        16       576     0.642     0.692     0.688     0.664     0.436     0.472     0.487
   350/999     2.42G     0.375     0.362    0.0799     0.816         2       512     0.641     0.691     0.687     0.663     0.437     0.475       0.5
   351/999     1.84G      0.36      0.37    0.0531     0.783         4       384     0.637     0.692     0.686     0.661     0.438     0.485     0.472
   352/999     2.43G     0.355      0.39    0.0776     0.822         1       512     0.583     0.692     0.688     0.626      0.44     0.484      0.45
   353/999     2.11G     0.366     0.332    0.0532     0.751        13       448     0.601     0.691     0.688      0.64     0.436     0.463     0.459
   354/999      1.6G     0.355     0.365    0.0472     0.767         3       320     0.591     0.692     0.687     0.635      0.44     0.474     0.514
   355/999     2.43G     0.368     0.362    0.0617     0.792        52       512     0.602     0.691     0.689     0.641     0.438     0.472      0.49
   356/999     2.11G     0.376     0.325    0.0613     0.762         4       448     0.607     0.687     0.686     0.642     0.435     0.483     0.506
   357/999      1.6G     0.362     0.335    0.0623     0.759         2       320     0.606     0.692     0.688     0.643     0.437     0.484     0.483
   358/999     2.43G     0.367     0.364    0.0517     0.783         7       512      0.59     0.691     0.684     0.634     0.439     0.496     0.522
   359/999     2.43G     0.377      0.33     0.063      0.77         5       512     0.583     0.691     0.679     0.631     0.435     0.469     0.471
   360/999     3.26G     0.366     0.359    0.0624     0.788         2       640     0.572     0.691     0.684     0.624     0.439     0.488     0.463
   361/999     2.85G     0.357     0.381    0.0556     0.793        30       576     0.575     0.692     0.686     0.625     0.436     0.474     0.491
   362/999     3.26G     0.374     0.331    0.0473     0.752         3       640       0.6     0.692     0.688     0.639     0.434      0.47      0.53
   363/999      1.6G     0.357      0.36    0.0651     0.782         6       320     0.595     0.692     0.688     0.635     0.435     0.493     0.602
   364/999      1.6G     0.368     0.356    0.0727     0.796        17       320       0.6     0.692     0.685      0.64     0.436     0.474     0.517
   365/999      1.6G     0.365     0.314    0.0563     0.735         2       320     0.619     0.692     0.687     0.652     0.436      0.46     0.437
   366/999      1.6G     0.352     0.372    0.0476     0.772         1       320     0.625     0.692     0.689     0.655     0.435     0.462     0.497
   367/999     2.11G     0.357     0.381    0.0558     0.794         2       448      0.63     0.692     0.689     0.658     0.438     0.469     0.561
   368/999     3.26G     0.352     0.383    0.0557     0.791         3       640     0.593     0.692     0.688     0.635     0.438     0.474     0.589
   369/999     1.84G     0.357     0.361    0.0569     0.775        11       384     0.579     0.692     0.685     0.624     0.435     0.472     0.596
   370/999      1.6G     0.356     0.343    0.0609      0.76         2       320     0.576     0.691     0.688     0.621     0.434     0.465     0.613
   371/999     2.43G     0.365     0.369    0.0437     0.777         0       512     0.604     0.691     0.687     0.642     0.435     0.461     0.629
   372/999     2.11G      0.36     0.341    0.0646     0.766        13       448     0.605     0.691     0.688     0.643     0.436     0.475     0.637
   373/999     3.26G     0.361     0.359    0.0421     0.762         1       640     0.604      0.69     0.686     0.642     0.437      0.48     0.624
   374/999      1.6G     0.372     0.371    0.0405     0.783         5       320     0.583     0.688     0.686     0.626     0.438     0.483     0.545
   375/999     2.85G      0.37     0.341    0.0475     0.758        32       576     0.582     0.687     0.686     0.626     0.437     0.472     0.578
   376/999     1.84G     0.369     0.351    0.0453     0.765         2       384     0.585     0.691     0.685     0.631     0.437     0.482     0.595
   377/999     2.11G     0.365     0.381    0.0404     0.787         1       448     0.599      0.69     0.688      0.64     0.437     0.477     0.553
   378/999     1.84G     0.363      0.36    0.0468      0.77         6       384     0.594     0.692     0.688     0.638     0.436     0.461     0.549
   379/999     2.11G     0.364     0.364    0.0555     0.784        18       448     0.588     0.689     0.688     0.631     0.436     0.472     0.576
   380/999     2.11G     0.365     0.372    0.0398     0.777         2       448     0.585      0.69     0.688     0.627     0.437     0.475       0.6
   381/999      1.6G      0.36     0.351    0.0546     0.766        50       320     0.608     0.691     0.687     0.644     0.437     0.474     0.596
   382/999     3.26G     0.365     0.358    0.0553     0.778         1       640     0.605      0.69     0.688     0.643     0.436     0.473      0.54
   383/999     1.84G     0.361     0.337    0.0485     0.747         4       384      0.58      0.69     0.687     0.623     0.434     0.472     0.535
   384/999     2.42G     0.374     0.333     0.049     0.755         1       512     0.584      0.69     0.686     0.629     0.434     0.469     0.552
   385/999      1.6G     0.349     0.369    0.0486     0.767         1       320     0.591     0.692     0.685     0.635     0.435     0.477     0.515
   386/999     2.43G     0.354     0.377    0.0531     0.784         8       512     0.601     0.692     0.685     0.641     0.435     0.473     0.489
   387/999     1.84G     0.356     0.359    0.0457      0.76         1       384     0.597     0.693     0.688     0.639     0.436     0.482      0.46
   388/999     2.11G     0.356     0.347    0.0574      0.76         2       448     0.598     0.694     0.686      0.64     0.437     0.476     0.523
   389/999     2.43G     0.366      0.33    0.0517     0.748         2       512       0.6     0.693     0.685     0.641     0.435     0.475     0.597
   390/999     2.85G      0.36     0.353    0.0453     0.759         1       576     0.596     0.693     0.687     0.639     0.435     0.466     0.511
   391/999     2.11G     0.369     0.327    0.0501     0.746        19       448     0.597     0.693     0.687      0.64     0.434     0.462     0.517
   392/999     3.26G     0.351     0.354    0.0435     0.748         2       640     0.599     0.693     0.686     0.641     0.439     0.484     0.569
   393/999     2.11G     0.362     0.311    0.0405     0.714         2       448      0.61     0.692     0.687     0.647     0.434     0.475     0.544
   394/999     3.26G     0.375     0.336    0.0477     0.759         1       640     0.611     0.691     0.685     0.647     0.435     0.483     0.537
   395/999     1.84G     0.374     0.298    0.0537     0.726         2       384     0.619      0.69     0.685     0.651     0.433     0.473     0.527
   396/999     2.85G     0.372     0.314    0.0485     0.734        19       576     0.631     0.689     0.688     0.657     0.435     0.471     0.438
   397/999     2.11G     0.349     0.355    0.0566     0.761        10       448     0.623     0.691     0.688     0.654     0.434     0.481     0.512
   398/999     1.84G     0.369     0.308    0.0502     0.727        32       384     0.604     0.693     0.685     0.643     0.435     0.487     0.539
   399/999     2.85G     0.359     0.361    0.0433     0.763         3       576     0.607     0.693     0.686     0.644     0.435      0.47     0.561
   400/999     2.42G     0.355     0.343    0.0388     0.737        25       512      0.62     0.693     0.685     0.652     0.436     0.482      0.62
   401/999     2.11G     0.363     0.361    0.0457      0.77        18       448     0.616     0.692     0.686      0.65     0.437     0.479     0.706
   402/999     1.84G     0.358     0.326    0.0404     0.724        16       384     0.619     0.691     0.686     0.651     0.437     0.469     0.595
   403/999     2.11G     0.365     0.332    0.0503     0.748        26       448     0.617     0.692     0.687     0.651     0.435     0.469     0.572
   404/999      1.6G      0.36     0.334    0.0447     0.738         2       320     0.604     0.692     0.687     0.643     0.435     0.478     0.548
   405/999     1.84G     0.349     0.385    0.0689     0.803        24       384       0.6     0.691     0.684      0.64     0.436     0.486     0.525
   406/999     2.11G     0.361     0.368    0.0593     0.788         3       448     0.628     0.692     0.686     0.657     0.437     0.495     0.476
   407/999      1.6G     0.369     0.334     0.087      0.79        28       320     0.635     0.689     0.684     0.659     0.435     0.486     0.489
   408/999     3.26G     0.359     0.356    0.0619     0.777        39       640     0.621     0.688     0.685     0.651     0.436     0.491     0.582
   409/999      1.6G     0.357     0.361    0.0599     0.778        42       320     0.607     0.687     0.683     0.642     0.437     0.492     0.568
   410/999     3.26G     0.357     0.368     0.064     0.789         2       640     0.576     0.687     0.682     0.622     0.439     0.505     0.588
   411/999     2.85G      0.38     0.342    0.0812     0.802         1       576     0.574     0.689     0.685     0.621     0.436     0.482     0.617
   412/999     2.11G     0.377     0.294     0.059      0.73         8       448     0.568     0.691     0.685     0.613     0.433     0.467     0.571
   413/999     1.84G     0.361     0.368      0.07       0.8         2       384     0.563     0.691     0.686     0.611     0.436     0.486     0.626
   414/999     2.11G     0.361      0.37    0.0632     0.793         2       448     0.573     0.691     0.688     0.621     0.436     0.482     0.554
   415/999     2.11G     0.367     0.317    0.0663      0.75         1       448     0.621     0.692     0.686     0.653     0.436      0.48     0.559
   416/999     3.26G     0.372     0.347    0.0488     0.768        49       640     0.638     0.689     0.685      0.66     0.437     0.481     0.529
   417/999     1.84G     0.359     0.353    0.0798     0.792         3       384     0.642      0.69     0.686     0.663     0.436     0.483     0.501
   418/999     2.85G     0.371     0.329    0.0564     0.756        28       576     0.604      0.69     0.685     0.642     0.435      0.48      0.54
   419/999     2.43G     0.351     0.399    0.0484     0.798        44       512     0.573      0.69     0.685     0.617     0.438     0.497     0.486
   420/999     2.11G     0.354     0.366    0.0431     0.763         5       448     0.576     0.691     0.686     0.619     0.439     0.508     0.488
   421/999     3.26G     0.361      0.34    0.0468     0.748        31       640     0.577     0.691     0.685     0.619     0.435     0.497     0.506
   422/999     2.42G     0.367     0.332    0.0592     0.758         1       512     0.578     0.689     0.685     0.623     0.436     0.482     0.493
   423/999     3.26G     0.357     0.372    0.0481     0.778         8       640     0.592     0.689     0.685     0.635     0.439     0.492     0.514
   424/999     1.84G     0.361     0.358    0.0456     0.765         2       384       0.6     0.689     0.683     0.638     0.438     0.479     0.529
   425/999     3.26G     0.357     0.341    0.0429     0.741         2       640     0.612      0.69     0.685     0.647     0.438     0.484     0.548
   426/999      1.6G     0.352      0.37    0.0546     0.777        34       320     0.606     0.691     0.686     0.644     0.436     0.488     0.554
