1 0.23125 0.39306 0.09583 0.16019
1 0.30417 0.38889 0.08229 0.18333
2 0.3599 0.36759 0.07083 0.1537
0 0.43932 0.46944 0.05677 0.13148
0 0.42812 0.36481 0.05 0.0963
1 0.45182 0.34213 0.05156 0.13241
0 0.77031 0.53843 0.10833 0.20833
0 0.62396 0.41806 0.05521 0.13426
0 0.67161 0.40833 0.03594 0.07593
0 0.6651 0.3463 0.03854 0.04259
0 0.58984 0.35509 0.02448 0.07685
0 0.55182 0.3662 0.03906 0.06574
0 0.55365 0.43704 0.04896 0.1
0 0.09453 0.5125 0.09323 0.125
0 0.09922 0.39306 0.06823 0.11759
0 0.05859 0.34954 0.03802 0.06389
1 0.02943 0.39398 0.05885 0.16019
0 0.10521 0.31435 0.03646 0.06759
0 0.16146 0.32037 0.03021 0.07222
0 0.19089 0.30694 0.02031 0.04537
0 0.09792 0.73935 0.19375 0.15833
0 0.95 0.32407 0.03438 0.06852
