1 0.16198 0.47824 0.09688 0.10093
0 0.1013 0.44213 0.0599 0.0713
0 0.18047 0.3963 0.06094 0.06852
0 0.12734 0.3463 0.06302 0.07222
0 0.14375 0.1412 0.04583 0.05833
0 0.16693 0.19259 0.03073 0.05741
0 0.0974 0.13241 0.05 0.07963
0 0.03333 0.13935 0.06458 0.08056
0 0.22708 0.28519 0.03854 0.06296
0 0.27604 0.26713 0.03542 0.0713
0 0.27734 0.37593 0.0349 0.03704
0 0.26719 0.53565 0.04375 0.05833
1 0.30885 0.425 0.06354 0.09444
1 0.34714 0.28519 0.04531 0.09815
1 0.37422 0.46852 0.05469 0.0963
1 0.45651 0.33056 0.05781 0.10556
0 0.42083 0.27917 0.02708 0.06019
0 0.33437 0.37222 0.03958 0.07222
2 0.38516 0.36759 0.04948 0.09074
0 0.44453 0.4088 0.0401 0.075
0 0.45964 0.49491 0.0349 0.05833
0 0.53984 0.29815 0.03177 0.06111
0 0.52943 0.44167 0.02552 0.05741
0 0.58047 0.4125 0.03698 0.075
0 0.62187 0.3662 0.03125 0.0713
0 0.57604 0.22407 0.03229 0.06852
0 0.64635 0.24815 0.03125 0.06852
0 0.39062 0.74907 0.05208 0.09444
0 0.45885 0.84444 0.05729 0.10185
0 0.62865 0.55463 0.05 0.07593
0 0.7599 0.69676 0.06667 0.06759
0 0.85443 0.7338 0.09115 0.09352
0 0.93281 0.69074 0.09583 0.1
0 0.94505 0.83102 0.07552 0.10833
