0 0.19141 0.68611 0.10469 0.13148
0 0.34818 0.88148 0.10573 0.15
0 0.33021 0.56157 0.07292 0.14352
0 0.32682 0.43333 0.05365 0.10926
0 0.24557 0.38843 0.04427 0.08241
0 0.1875 0.33796 0.05 0.1
0 0.2151 0.3 0.04063 0.08704
0 0.1487 0.29352 0.03281 0.07037
0 0.10078 0.32824 0.06302 0.10648
0 0.0487 0.33935 0.06094 0.10278
0 0.42734 0.52963 0.03906 0.1037
0 0.53073 0.45787 0.03958 0.10463
0 0.50651 0.31157 0.02865 0.07315
0 0.55833 0.32454 0.03542 0.08426
1 0.50286 0.24259 0.03906 0.06296
1 0.45339 0.23611 0.0349 0.07963
1 0.54115 0.20278 0.02917 0.06852
1 0.71328 0.20324 0.03073 0.06574
1 0.64922 0.41944 0.08281 0.15185
1 0.59948 0.61343 0.13437 0.21759
1 0.7862 0.46852 0.11094 0.1463
2 0.71562 0.56296 0.09896 0.18519
0 0.82031 0.60463 0.09688 0.15
0 0.91849 0.62083 0.09219 0.10833
1 0.90833 0.39815 0.10833 0.14444
0 0.62786 0.21204 0.01823 0.05556
0 0.65 0.2162 0.01667 0.03981
0 0.59635 0.23657 0.01979 0.04352
0 0.76484 0.21713 0.01927 0.03796
0 0.73229 0.20185 0.01771 0.03704
0 0.57552 0.48981 0.05625 0.07963
0 0.26198 0.26759 0.02187 0.05185
0 0.25026 0.22778 0.01719 0.03148
0 0.28802 0.28287 0.025 0.05463
0 0.28437 0.30417 0.02292 0.06389
0 0.32422 0.27546 0.02344 0.05463
0 0.3263 0.24074 0.02031 0.04815
0 0.31562 0.21343 0.0125 0.02315
0 0.34297 0.21713 0.01719 0.04537
0 0.35729 0.24259 0.01771 0.05
0 0.36901 0.23194 0.01719 0.04722
0 0.39245 0.2412 0.01615 0.04907
0 0.40052 0.22454 0.01354 0.04352
1 0.20573 0.25093 0.04896 0.07778
1 0.18698 0.21435 0.03542 0.03981
0 0.16797 0.22685 0.02656 0.05556
0 0.13021 0.22778 0.02187 0.03704
0 0.12318 0.28009 0.0224 0.05278
1 0.09531 0.25972 0.0375 0.07315
1 0.06068 0.23009 0.03802 0.05463
0 0.02891 0.26296 0.03802 0.0537
1 0.01172 0.29537 0.02344 0.08519
1 0.92005 0.81574 0.12656 0.23704
0 0.77656 0.89444 0.12187 0.1463
