1 0.57109 0.65417 0.15365 0.25093
1 0.3276 0.52593 0.11458 0.18889
2 0.36276 0.82037 0.1776 0.30741
0 0.13828 0.76944 0.14635 0.11296
0 0.42969 0.54491 0.07187 0.15463
0 0.51562 0.50278 0.04063 0.11111
0 0.44349 0.43241 0.04323 0.08889
0 0.41302 0.38333 0.04063 0.10741
0 0.37422 0.36435 0.03698 0.0787
0 0.29427 0.4162 0.04271 0.03981
0 0.27891 0.35185 0.0349 0.07778
0 0.22109 0.41389 0.05365 0.08519
0 0.71927 0.42593 0.06146 0.11296
0 0.75729 0.52269 0.08333 0.13056
1 0.85417 0.39537 0.10521 0.13704
1 0.80391 0.33102 0.07344 0.11574
0 0.72708 0.29213 0.02813 0.05648
0 0.76198 0.2787 0.02604 0.06111
0 0.72813 0.2588 0.02396 0.02315
0 0.71016 0.24676 0.02344 0.05093
0 0.68698 0.27407 0.025 0.05741
0 0.66641 0.2588 0.02135 0.05648
0 0.68411 0.22917 0.01615 0.0287
0 0.6375 0.27778 0.02083 0.0537
0 0.6138 0.275 0.02031 0.0537
0 0.58724 0.28611 0.02552 0.06111
0 0.49557 0.34815 0.03385 0.08704
0 0.52266 0.30139 0.02344 0.05278
0 0.5625 0.25602 0.025 0.06574
0 0.51979 0.24907 0.02396 0.05185
0 0.49792 0.22824 0.02083 0.06759
0 0.53073 0.22731 0.01562 0.03981
0 0.54219 0.23148 0.01562 0.05556
0 0.55417 0.21713 0.00521 0.01944
0 0.5776 0.21389 0.01875 0.02593
1 0.59505 0.22593 0.0224 0.0537
1 0.61016 0.21991 0.01615 0.05278
1 0.62344 0.20694 0.01667 0.04537
0 0.6401 0.23009 0.01667 0.03981
