0 0.23724 0.64815 0.08385 0.15741
0 0.25807 0.475 0.06406 0.10926
0 0.34609 0.45324 0.05781 0.13056
0 0.40182 0.37083 0.04115 0.08796
0 0.38229 0.31204 0.03125 0.05556
0 0.39036 0.25231 0.02656 0.06204
0 0.35938 0.26389 0.03021 0.09074
0 0.32344 0.24398 0.02917 0.0787
0 0.30547 0.24491 0.0224 0.05833
1 0.30365 0.19861 0.03021 0.03796
1 0.35182 0.19769 0.02344 0.04167
1 0.4013 0.21759 0.02031 0.06296
1 0.41016 0.20231 0.02344 0.07315
0 0.37057 0.20556 0.01302 0.03889
0 0.42995 0.26991 0.01927 0.05093
0 0.44141 0.25602 0.01823 0.04722
0 0.43021 0.22824 0.01458 0.025
0 0.4375 0.20694 0.01354 0.04352
0 0.46797 0.24769 0.01927 0.04352
0 0.47891 0.2213 0.01406 0.06296
0 0.5 0.23287 0.01771 0.04167
0 0.50234 0.20417 0.01406 0.0213
0 0.51771 0.22639 0.01667 0.04722
0 0.53151 0.24074 0.01823 0.05926
0 0.54583 0.22593 0.01562 0.04444
1 0.58802 0.25509 0.03438 0.08611
1 0.62891 0.27407 0.04531 0.1037
0 0.59661 0.33472 0.03698 0.08056
0 0.64922 0.37778 0.05156 0.09815
1 0.7125 0.23565 0.04583 0.08241
0 0.78125 0.29722 0.03542 0.06852
0 0.86823 0.28056 0.04479 0.08148
0 0.92344 0.29676 0.04063 0.05833
1 0.44766 0.63611 0.14219 0.22963
0 0.52266 0.55926 0.0651 0.13519
0 0.5362 0.46296 0.04323 0.07407
0 0.41667 0.475 0.04271 0.09259
1 0.67526 0.52824 0.1151 0.19537
2 0.65078 0.77546 0.16302 0.28241
1 0.88359 0.77037 0.19844 0.27778
0 0.03255 0.58611 0.0651 0.12037
