0 0.13333 0.51898 0.05729 0.05278
0 0.18932 0.45046 0.04948 0.06204
0 0.11589 0.68102 0.08906 0.075
1 0.12708 0.77731 0.11667 0.08796
0 0.03385 0.69907 0.06771 0.08519
0 0.23307 0.57407 0.05156 0.05926
0 0.2776 0.73657 0.05833 0.07685
1 0.29219 0.58241 0.06875 0.1
1 0.38099 0.56296 0.0599 0.10556
1 0.2849 0.41157 0.06042 0.08796
1 0.4112 0.36852 0.05469 0.09444
2 0.35417 0.45833 0.05208 0.09074
0 0.30026 0.50463 0.05052 0.0537
0 0.35911 0.34954 0.02865 0.06204
0 0.42526 0.45093 0.04115 0.07407
0 0.46797 0.51759 0.03177 0.05926
0 0.47656 0.28565 0.02604 0.06204
0 0.49089 0.19583 0.02344 0.06574
0 0.55286 0.17454 0.02969 0.07315
0 0.51172 0.42083 0.02656 0.0713
0 0.54505 0.35926 0.03698 0.07778
0 0.56458 0.29352 0.02604 0.06481
0 0.62005 0.44722 0.04323 0.07593
0 0.47969 0.80972 0.05 0.09907
0 0.56302 0.82037 0.05104 0.1
0 0.73568 0.46713 0.04948 0.06574
0 0.80599 0.43889 0.0651 0.08148
0 0.83984 0.35833 0.06198 0.08333
0 0.89245 0.34444 0.0651 0.07593
0 0.88385 0.43981 0.07812 0.07593
0 0.90104 0.5463 0.08229 0.07778
0 0.95234 0.46157 0.05677 0.06944
0 0.8625 0.64074 0.07292 0.07222
0 0.90417 0.78657 0.09062 0.06759
0 0.93281 0.72222 0.07917 0.06481
0 0.82682 0.05741 0.03594 0.07593
0 0.80234 0.04491 0.03594 0.05463
