0 0.28099 0.49074 0.06615 0.12593
0 0.34063 0.63981 0.08229 0.14259
0 0.44062 0.55463 0.03958 0.1
0 0.5276 0.44444 0.03958 0.09259
0 0.51797 0.30741 0.0349 0.07778
0 0.45859 0.29954 0.03281 0.0787
0 0.13333 0.46898 0.06667 0.09352
0 0.03464 0.4287 0.06927 0.12037
0 0.16771 0.34907 0.04375 0.07593
0 0.16667 0.31852 0.03854 0.06667
0 0.11875 0.30463 0.03854 0.07222
0 0.08516 0.2662 0.02969 0.06204
0 0.05234 0.36574 0.06719 0.10185
0 0.02839 0.29907 0.05677 0.11296
0 0.21797 0.29907 0.03594 0.06852
0 0.21016 0.25509 0.03281 0.06204
0 0.25625 0.25463 0.02604 0.06296
0 0.26771 0.23843 0.02396 0.06019
0 0.22865 0.22685 0.025 0.05741
0 0.30417 0.24537 0.025 0.05741
0 0.30495 0.21898 0.01615 0.03981
0 0.19167 0.23935 0.02396 0.06204
1 0.37891 0.2338 0.0349 0.08796
1 0.4375 0.24352 0.03854 0.08519
1 0.46406 0.18194 0.02604 0.06944
0 0.52448 0.20926 0.01562 0.04815
0 0.54505 0.18241 0.01615 0.0463
0 0.56641 0.18426 0.01198 0.03704
1 0.61849 0.16898 0.02656 0.06019
1 0.64818 0.56852 0.1276 0.2037
1 0.63047 0.375 0.07656 0.14259
0 0.59323 0.48472 0.0625 0.1287
0 0.83464 0.7625 0.11823 0.13981
1 0.90859 0.60463 0.14948 0.1963
2 0.71562 0.47778 0.08542 0.15926
0 0.78594 0.48889 0.06042 0.12778
1 0.73854 0.3963 0.07917 0.14074
0 0.69974 0.36574 0.02865 0.07963
0 0.83802 0.48009 0.04688 0.09167
0 0.88802 0.38472 0.06563 0.11019
0 0.8763 0.325 0.05365 0.09815
1 0.80208 0.30833 0.07604 0.12407
0 0.47552 0.93102 0.09167 0.09167
