0 0.19583 0.55231 0.09062 0.14167
0 0.27161 0.43472 0.06302 0.10648
0 0.54557 0.87593 0.10469 0.19444
0 0.64896 0.60093 0.08438 0.15185
0 0.69714 0.45833 0.05469 0.09815
0 0.83411 0.4838 0.07344 0.11389
0 0.78958 0.7037 0.10312 0.13704
0 0.55859 0.51759 0.04948 0.10556
0 0.46328 0.43704 0.03281 0.09074
0 0.51224 0.36944 0.04219 0.10926
2 0.50703 0.28565 0.04323 0.08426
1 0.56719 0.34074 0.05833 0.13704
1 0.53464 0.27454 0.03594 0.09722
1 0.43516 0.31806 0.0599 0.11389
1 0.44401 0.24583 0.04427 0.03426
1 0.38125 0.22176 0.04271 0.10278
0 0.38307 0.30509 0.03073 0.06574
0 0.4263 0.22269 0.02448 0.05463
0 0.43646 0.19028 0.01979 0.04907
0 0.48438 0.21991 0.01771 0.04722
0 0.50182 0.15093 0.01198 0.03333
0 0.51589 0.16713 0.01719 0.03796
0 0.50182 0.18287 0.01302 0.04167
0 0.48229 0.28889 0.02187 0.08704
