1 0.36693 0.59537 0.1349 0.22963
1 0.6513 0.59907 0.1349 0.24815
2 0.5263 0.83889 0.16302 0.27778
0 0.47448 0.55926 0.07396 0.15556
0 0.53047 0.48611 0.04427 0.10926
0 0.42708 0.45278 0.04271 0.09444
0 0.37786 0.41528 0.05573 0.11204
0 0.31458 0.39769 0.04375 0.08241
0 0.2513 0.52778 0.06198 0.11481
0 0.16276 0.42917 0.0599 0.09537
0 0.09974 0.5412 0.08594 0.11019
0 0.44401 0.35278 0.03385 0.09444
0 0.45 0.29583 0.02292 0.04167
0 0.65547 0.37315 0.04323 0.09259
0 0.70365 0.42778 0.05833 0.1037
1 0.67448 0.28009 0.04167 0.09722
1 0.72161 0.31713 0.05573 0.10833
1 0.86953 0.2875 0.06615 0.11944
0 0.81771 0.24769 0.03229 0.07315
0 0.76536 0.23704 0.03177 0.06481
0 0.63646 0.24676 0.01771 0.04722
0 0.61823 0.26343 0.02083 0.05278
0 0.60807 0.24444 0.01406 0.05
0 0.59531 0.22546 0.01875 0.04722
0 0.58516 0.24537 0.02031 0.05185
0 0.56589 0.24074 0.02031 0.05185
0 0.54635 0.25463 0.02396 0.04259
0 0.57214 0.20972 0.01406 0.025
0 0.52526 0.26111 0.01615 0.0463
0 0.51771 0.2338 0.01354 0.02685
0 0.53177 0.2162 0.01354 0.03611
0 0.50729 0.27083 0.01979 0.04537
0 0.47318 0.24769 0.01719 0.05093
1 0.49271 0.21944 0.01771 0.05741
1 0.50703 0.21111 0.01719 0.05926
1 0.45599 0.20509 0.01615 0.05278
0 0.4724 0.2162 0.01354 0.02685
0 0.43984 0.23935 0.02552 0.06389
0 0.41432 0.23287 0.0224 0.06574
0 0.40417 0.23611 0.01458 0.05926
1 0.8349 0.90324 0.22812 0.14907
0 0.95833 0.37917 0.04688 0.08611
