1 0.30026 0.37083 0.06615 0.13796
1 0.35417 0.39028 0.07083 0.14352
0 0.44974 0.46296 0.04219 0.09074
0 0.44661 0.37546 0.03802 0.08611
1 0.47396 0.33426 0.05729 0.12593
0 0.55417 0.44907 0.03021 0.09259
0 0.57917 0.35972 0.03438 0.0713
0 0.62839 0.31759 0.02969 0.07778
0 0.6263 0.43796 0.05156 0.11296
0 0.6875 0.42546 0.03854 0.09537
0 0.71615 0.35694 0.03438 0.0713
0 0.71719 0.61435 0.08438 0.14722
0 0.20495 0.70741 0.12135 0.17407
1 0.15026 0.34954 0.08906 0.12685
0 0.21693 0.45278 0.0526 0.07778
0 0.21589 0.33194 0.0474 0.09537
0 0.18672 0.29259 0.02448 0.05741
0 0.2151 0.22407 0.02604 0.05185
0 0.25208 0.23102 0.02604 0.05463
0 0.27786 0.24722 0.0276 0.06296
0 0.33255 0.29352 0.02448 0.06296
2 0.40156 0.35509 0.05625 0.10463
1 0.38802 0.29167 0.04792 0.0537
