0 0.24609 0.68056 0.05365 0.05926
0 0.20729 0.54954 0.05104 0.06019
0 0.32891 0.46111 0.0401 0.0537
0 0.38854 0.45741 0.04375 0.06481
0 0.3487 0.62037 0.04219 0.06111
0 0.43958 0.48426 0.03333 0.05185
0 0.41927 0.3338 0.03542 0.0713
0 0.59635 0.31019 0.03542 0.07037
0 0.62865 0.38472 0.0375 0.06389
0 0.52109 0.50231 0.03385 0.06019
0 0.50365 0.5963 0.04792 0.07222
1 0.46302 0.66528 0.06979 0.125
1 0.59349 0.58796 0.05885 0.11111
1 0.65677 0.75278 0.07396 0.12407
2 0.54844 0.72731 0.0625 0.11204
0 0.46042 0.8463 0.03958 0.08148
1 0.56354 0.93056 0.07292 0.08519
0 0.60703 0.83056 0.05156 0.10185
0 0.6849 0.9287 0.04792 0.07593
1 0.84922 0.86852 0.12969 0.13519
0 0.71354 0.6963 0.04688 0.06296
1 0.61562 0.12407 0.04271 0.09259
1 0.65052 0.20602 0.04688 0.09722
1 0.76484 0.11759 0.05573 0.1
0 0.80156 0.24676 0.03958 0.06759
0 0.92552 0.2088 0.06042 0.07315
0 0.95937 0.24815 0.04688 0.05
0 0.39505 0.2125 0.02865 0.06019
0 0.36927 0.14259 0.02917 0.07407
0 0.3263 0.10602 0.03281 0.08426
0 0.30104 0.07083 0.025 0.05833
0 0.06823 0.14028 0.05937 0.08056
0 0.39766 0.08333 0.02552 0.07778
0 0.35807 0.075 0.03281 0.06111
0 0.3513 0.02778 0.03385 0.02593
0 0.44089 0.11111 0.02031 0.05926
0 0.45495 0.06898 0.0224 0.05463
0 0.4401 0.03796 0.01667 0.03889
0 0.48411 0.08287 0.02344 0.06759
0 0.52187 0.05093 0.01771 0.0537
0 0.56068 0.075 0.01927 0.06111
0 0.57839 0.04259 0.02031 0.04815
0 0.54714 0.03657 0.01927 0.04352
0 0.50078 0.03704 0.01823 0.04074
