0 0.1237 0.73287 0.08802 0.09537
0 0.0362 0.77222 0.0724 0.0963
0 0.05286 0.65648 0.10052 0.08148
0 0.13958 0.53565 0.06042 0.06389
0 0.22448 0.6713 0.06146 0.05926
0 0.09531 0.49306 0.06354 0.06204
0 0.02891 0.51944 0.05781 0.06296
0 0.08802 0.36759 0.05729 0.06296
0 0.14271 0.43241 0.05937 0.05926
0 0.14245 0.3338 0.05573 0.06389
0 0.19115 0.27917 0.04479 0.06204
0 0.16328 0.22778 0.04219 0.05
0 0.1237 0.28009 0.05677 0.04907
0 0.05964 0.2912 0.06198 0.06389
0 0.02995 0.35231 0.0599 0.06759
1 0.27214 0.20648 0.05365 0.10185
1 0.34141 0.19398 0.0526 0.10278
0 0.4 0.28565 0.03646 0.0713
0 0.45781 0.275 0.03125 0.07222
1 0.3263 0.04676 0.03802 0.0713
0 0.18698 0.04769 0.0375 0.05833
0 0.40443 0.05417 0.02969 0.06204
0 0.3612 0.61019 0.04635 0.08889
0 0.45833 0.68102 0.05312 0.09352
0 0.43724 0.82083 0.04427 0.09167
0 0.56458 0.75833 0.04479 0.09815
0 0.47995 0.57037 0.03906 0.05185
0 0.50286 0.44444 0.03385 0.06111
0 0.55703 0.47407 0.03802 0.07963
1 0.59818 0.53472 0.06406 0.11204
1 0.5638 0.34954 0.05469 0.10278
1 0.62656 0.31528 0.05104 0.10463
0 0.59661 0.26065 0.03073 0.06759
1 0.66042 0.18333 0.04583 0.10926
1 0.70599 0.44444 0.06823 0.1037
0 0.6513 0.37917 0.04115 0.06389
2 0.62057 0.42824 0.05885 0.08796
0 0.66719 0.55463 0.04792 0.06481
0 0.6763 0.33056 0.03698 0.06111
0 0.76589 0.37593 0.05156 0.05926
0 0.76667 0.31204 0.04896 0.07037
0 0.70781 0.22778 0.04583 0.08333
0 0.70156 0.15787 0.03646 0.0713
0 0.75911 0.19352 0.04427 0.08704
0 0.87943 0.28519 0.04844 0.05926
0 0.94115 0.27917 0.04896 0.05278
0 0.96484 0.22361 0.03698 0.06019
