0 0.38281 0.76852 0.05729 0.10556
0 0.4612 0.87222 0.06094 0.11481
0 0.6362 0.55185 0.04844 0.08704
0 0.78438 0.69213 0.06875 0.07685
0 0.89167 0.72454 0.09688 0.10093
0 0.94948 0.66759 0.06771 0.0963
0 0.58177 0.40833 0.03854 0.07222
0 0.62161 0.36019 0.03594 0.06667
0 0.64505 0.24815 0.03073 0.06852
0 0.57031 0.22778 0.03646 0.06852
0 0.53568 0.29954 0.03906 0.05463
0 0.53281 0.4412 0.02708 0.0713
0 0.45964 0.49907 0.03281 0.06481
0 0.44193 0.40741 0.03802 0.07037
1 0.45078 0.33009 0.05469 0.10093
0 0.41615 0.2838 0.02396 0.06019
1 0.34349 0.29954 0.04948 0.09352
2 0.38021 0.37037 0.05104 0.09259
1 0.36771 0.46528 0.06354 0.10278
1 0.30052 0.42593 0.06354 0.09074
0 0.32917 0.37546 0.04271 0.06944
0 0.26458 0.38426 0.03021 0.03704
0 0.26927 0.27546 0.03646 0.0713
0 0.2513 0.5463 0.04844 0.06296
1 0.13932 0.48426 0.10573 0.10185
0 0.16693 0.40417 0.06302 0.075
0 0.11406 0.36065 0.06354 0.0787
0 0.08255 0.45231 0.06198 0.07315
0 0.22187 0.3 0.03854 0.06481
0 0.16302 0.21667 0.0375 0.06296
0 0.13672 0.16991 0.03594 0.05463
0 0.09297 0.1588 0.0474 0.08056
0 0.02786 0.17176 0.05573 0.07685
