0 0.39323 0.69028 0.05 0.08241
0 0.50339 0.68611 0.04427 0.08889
0 0.52109 0.84028 0.04531 0.08056
0 0.69167 0.87037 0.05521 0.09444
0 0.61484 0.67778 0.0349 0.06852
0 0.50625 0.5713 0.04063 0.04444
0 0.49323 0.43565 0.02708 0.05648
0 0.5513 0.43148 0.03698 0.07037
1 0.52786 0.31944 0.05156 0.0963
1 0.57344 0.26019 0.04479 0.09815
1 0.59714 0.46481 0.05677 0.1
1 0.6625 0.33611 0.05417 0.1
1 0.57318 0.12685 0.03906 0.1
0 0.60547 0.08935 0.0276 0.0787
0 0.62187 0.1463 0.02917 0.07407
0 0.65417 0.09861 0.03021 0.0787
0 0.68437 0.19306 0.02708 0.06019
0 0.69297 0.24769 0.03594 0.05648
0 0.75781 0.13611 0.03125 0.06667
0 0.80026 0.10463 0.0349 0.06111
0 0.81146 0.05 0.03646 0.05
2 0.59505 0.3625 0.05365 0.09352
0 0.60807 0.29815 0.0349 0.04444
0 0.61667 0.24815 0.02604 0.05741
0 0.6612 0.45093 0.04219 0.05556
0 0.53411 0.22407 0.02865 0.06481
1 0.18646 0.34028 0.07292 0.10278
1 0.26719 0.28611 0.06771 0.0963
1 0.20729 0.12917 0.06354 0.10278
0 0.30182 0.11389 0.03177 0.06667
0 0.35651 0.35185 0.03594 0.06667
0 0.40807 0.30324 0.03906 0.06944
0 0.06094 0.56806 0.07292 0.05463
0 0.1026 0.46991 0.0625 0.06204
0 0.05156 0.43704 0.05417 0.0537
0 0.02813 0.5213 0.05625 0.05185
0 0.08464 0.67454 0.0776 0.06389
0 0.11094 0.79444 0.07604 0.05741
0 0.03984 0.78981 0.07969 0.06111
0 0.0776 0.13981 0.05937 0.08519
0 0.03047 0.20556 0.06094 0.08519
