1 0.59271 0.61481 0.13229 0.21667
2 0.71458 0.58102 0.09896 0.18981
1 0.79115 0.47685 0.11979 0.15
0 0.82161 0.62407 0.10781 0.1537
0 0.92812 0.64259 0.1 0.12037
1 0.92552 0.41019 0.11875 0.14259
1 0.65026 0.42407 0.08281 0.15
0 0.57604 0.49167 0.07292 0.07778
0 0.52812 0.45556 0.04167 0.1037
0 0.42604 0.52361 0.03958 0.09722
0 0.19245 0.6713 0.09844 0.12222
0 0.33542 0.87639 0.10312 0.16944
0 0.76667 0.90556 0.11771 0.13889
1 0.92031 0.82917 0.12812 0.21944
0 0.32969 0.55509 0.07396 0.12685
0 0.32812 0.42963 0.05625 0.10185
0 0.25312 0.38194 0.04271 0.07685
0 0.29193 0.30417 0.02865 0.06389
0 0.30078 0.27685 0.0224 0.05741
0 0.27109 0.26019 0.02344 0.04815
0 0.33255 0.26852 0.02552 0.05556
0 0.50833 0.31204 0.02917 0.07407
0 0.56354 0.3287 0.03958 0.07407
1 0.50911 0.24491 0.03698 0.06389
1 0.4599 0.23935 0.03542 0.08056
1 0.54922 0.20509 0.02865 0.07685
0 0.60339 0.23565 0.02344 0.04537
0 0.63776 0.21065 0.02031 0.05093
0 0.65911 0.2162 0.01302 0.03611
1 0.72656 0.20833 0.03542 0.06852
0 0.74687 0.20463 0.01875 0.05741
0 0.77917 0.21713 0.01979 0.03796
0 0.40208 0.24213 0.02187 0.04537
0 0.41042 0.2162 0.01771 0.03981
0 0.37891 0.22593 0.01927 0.04259
0 0.36615 0.24306 0.02187 0.05648
0 0.35495 0.20741 0.01406 0.02593
0 0.33385 0.23333 0.02396 0.04444
0 0.19714 0.3338 0.04323 0.09537
0 0.225 0.30046 0.03542 0.08056
1 0.21979 0.23565 0.04375 0.06759
0 0.16432 0.28935 0.03385 0.06574
0 0.13906 0.27639 0.02187 0.05278
0 0.11406 0.32222 0.05937 0.10556
0 0.06927 0.33102 0.05937 0.09352
1 0.02448 0.28704 0.04896 0.10185
0 0.0513 0.25602 0.03177 0.05463
1 0.11771 0.25278 0.03542 0.07407
0 0.1487 0.23009 0.02552 0.05463
0 0.18151 0.21852 0.01927 0.0537
1 0.08385 0.21991 0.03542 0.04537
