0 0.38958 0.75278 0.04688 0.0963
0 0.45651 0.83981 0.05573 0.10185
1 0.37135 0.46759 0.06042 0.09815
1 0.30729 0.4213 0.06354 0.08704
1 0.1638 0.4787 0.09844 0.1
0 0.10104 0.44352 0.05833 0.07037
0 0.18203 0.39676 0.06094 0.06759
0 0.12266 0.34583 0.05885 0.06759
0 0.16979 0.19861 0.04271 0.06759
0 0.13854 0.14213 0.04271 0.05833
0 0.09661 0.12963 0.05365 0.08148
0 0.03333 0.1412 0.05625 0.07685
0 0.27344 0.26435 0.03438 0.06019
0 0.22474 0.28519 0.03906 0.06111
0 0.2737 0.37824 0.0349 0.04167
0 0.26797 0.53704 0.04427 0.06481
0 0.33542 0.36944 0.03958 0.06296
2 0.3849 0.36435 0.04792 0.08796
1 0.34766 0.28843 0.04531 0.09537
1 0.4526 0.33009 0.05 0.09907
0 0.41745 0.28009 0.02552 0.06574
0 0.44297 0.40694 0.04115 0.075
0 0.45781 0.49722 0.03125 0.0537
0 0.53203 0.43796 0.0276 0.06296
0 0.53776 0.29722 0.03177 0.06481
0 0.57682 0.21991 0.02969 0.06204
0 0.64635 0.24167 0.03125 0.06111
0 0.62057 0.36852 0.03177 0.06667
0 0.57943 0.41528 0.03698 0.07315
0 0.62839 0.55787 0.04635 0.0787
0 0.75729 0.69583 0.06563 0.06759
0 0.85391 0.73565 0.09219 0.10093
0 0.93333 0.68657 0.09479 0.09352
0 0.94505 0.8213 0.07656 0.10185
