1 0.16432 0.4713 0.09844 0.1037
1 0.30859 0.42315 0.06094 0.10556
1 0.3737 0.46806 0.05885 0.10093
1 0.34922 0.28935 0.0474 0.09722
1 0.45547 0.3338 0.0526 0.10093
2 0.38594 0.36806 0.05104 0.08611
0 0.44453 0.40926 0.04427 0.07037
0 0.45964 0.49491 0.0401 0.06204
0 0.42109 0.27778 0.0276 0.07037
0 0.5401 0.29815 0.03333 0.05741
0 0.52969 0.43935 0.02917 0.06944
0 0.58125 0.42037 0.04479 0.07222
0 0.625 0.36574 0.03333 0.06296
0 0.65104 0.24722 0.03438 0.06852
0 0.57917 0.22176 0.03021 0.05833
0 0.62604 0.56389 0.04375 0.07407
0 0.75781 0.70694 0.0625 0.06944
0 0.85573 0.74444 0.08542 0.10741
0 0.93516 0.70509 0.09844 0.10093
0 0.94401 0.84213 0.07969 0.10833
0 0.45312 0.84444 0.05312 0.10185
0 0.38828 0.74722 0.04948 0.09259
0 0.26458 0.53241 0.04583 0.05741
0 0.18411 0.39028 0.05885 0.06574
0 0.12917 0.3412 0.06042 0.07685
0 0.10495 0.43565 0.05781 0.06759
0 0.23125 0.27778 0.03646 0.05926
0 0.27917 0.26157 0.03542 0.06574
0 0.33672 0.36759 0.03906 0.06481
0 0.275 0.3713 0.03438 0.04074
0 0.175 0.18981 0.03854 0.07037
0 0.14818 0.13935 0.04219 0.06019
0 0.10312 0.12963 0.05625 0.08148
0 0.0224 0.11343 0.02187 0.05093
0 0.04557 0.15046 0.04115 0.07685
