2 0.40911 0.67037 0.1349 0.25185
2 0.38776 0.42917 0.0849 0.18241
2 0.51875 0.34676 0.0625 0.15278
2 0.55104 0.49815 0.09792 0.19259
2 0.6474 0.41111 0.0875 0.16667
0 0.72891 0.27824 0.02969 0.08056
0 0.64766 0.21481 0.03385 0.09444
0 0.61354 0.17731 0.02292 0.06204
2 0.10156 0.44769 0.13229 0.18056
2 0.56563 0.24352 0.04583 0.11296
2 0.46484 0.22917 0.04115 0.11019
3 0.19062 0.32407 0.08229 0.13148
3 0.18516 0.28657 0.0724 0.12315
3 0.24661 0.26435 0.05573 0.11389
2 0.26354 0.33657 0.06979 0.15463
3 0.32161 0.23889 0.03698 0.11667
3 0.34063 0.26435 0.04792 0.11944
3 0.36875 0.22731 0.03438 0.11204
3 0.39245 0.24907 0.03906 0.11296
