0 0.38828 0.7537 0.05052 0.08704
0 0.45911 0.84676 0.05156 0.10278
0 0.63177 0.55602 0.04375 0.075
0 0.57943 0.41204 0.03802 0.06852
0 0.62318 0.36343 0.0276 0.05833
0 0.64687 0.24398 0.03021 0.06389
0 0.57604 0.22315 0.02813 0.06667
0 0.5388 0.29815 0.03073 0.05741
0 0.53177 0.44074 0.02604 0.06667
0 0.76432 0.69676 0.05781 0.06944
0 0.86198 0.73704 0.0875 0.10185
0 0.93646 0.68889 0.09062 0.09444
0 0.94844 0.82407 0.06563 0.09444
0 0.45937 0.49861 0.03229 0.05648
0 0.44297 0.40741 0.03906 0.07222
1 0.45208 0.33056 0.04896 0.09444
0 0.42057 0.28194 0.02448 0.06389
2 0.3849 0.36991 0.05312 0.09907
1 0.37422 0.47037 0.06094 0.09815
1 0.30573 0.42315 0.06042 0.09074
0 0.33411 0.3713 0.03698 0.07222
1 0.34792 0.28981 0.04896 0.09444
1 0.16328 0.47963 0.09427 0.1037
0 0.26536 0.54028 0.04531 0.06574
0 0.27682 0.38148 0.02969 0.04259
0 0.27474 0.26667 0.0349 0.06667
0 0.22734 0.29074 0.04115 0.06481
0 0.18021 0.39769 0.0625 0.06759
0 0.12656 0.34907 0.06667 0.07963
0 0.0974 0.44306 0.05729 0.06389
0 0.16745 0.19954 0.03594 0.06944
0 0.14089 0.14676 0.04115 0.05463
0 0.09714 0.1375 0.0526 0.08056
0 0.03255 0.14259 0.06198 0.08519
