0 0.29063 0.74537 0.09896 0.16111
0 0.50781 0.73796 0.08854 0.16296
0 0.73307 0.73472 0.0849 0.14352
0 0.50911 0.56759 0.06302 0.08889
0 0.49401 0.42917 0.02969 0.075
0 0.57161 0.40926 0.04948 0.11852
1 0.64505 0.42222 0.08385 0.15741
1 0.70026 0.34028 0.06094 0.11204
0 0.72526 0.44769 0.06094 0.10833
2 0.62318 0.33981 0.0526 0.11111
1 0.58698 0.29583 0.04896 0.10648
1 0.53385 0.32407 0.05417 0.12222
1 0.57109 0.21898 0.03177 0.09537
0 0.59922 0.21204 0.01927 0.06667
0 0.62187 0.24352 0.02604 0.08333
0 0.64948 0.225 0.02396 0.07593
0 0.68802 0.26667 0.02187 0.06296
0 0.71432 0.275 0.02552 0.0537
0 0.78802 0.21759 0.03333 0.08333
0 0.32656 0.34861 0.04271 0.08426
0 0.39714 0.32269 0.04219 0.09352
1 0.12318 0.33935 0.08698 0.1287
1 0.23568 0.30602 0.07656 0.11204
1 0.21172 0.21111 0.05052 0.08333
1 0.37292 0.15417 0.02708 0.06204
0 0.31224 0.22593 0.03177 0.0537
0 0.30521 0.18194 0.02708 0.04352
0 0.32839 0.18102 0.01823 0.04167
0 0.29219 0.1463 0.02187 0.03704
0 0.08776 0.22407 0.04635 0.06481
0 0.01849 0.25556 0.03698 0.06852
