0 0.73385 0.54815 0.08958 0.16481
0 0.6125 0.41713 0.05104 0.12315
0 0.55 0.43657 0.03958 0.09722
0 0.5526 0.35556 0.03646 0.07037
0 0.58568 0.32361 0.02969 0.06759
0 0.66589 0.33472 0.03177 0.05278
0 0.66224 0.39907 0.03594 0.07778
0 0.44531 0.47037 0.05 0.1037
1 0.32005 0.41296 0.08385 0.17037
1 0.24688 0.39306 0.08646 0.14537
1 0.45052 0.33981 0.05521 0.12407
0 0.43255 0.38704 0.0474 0.10926
2 0.35677 0.36296 0.06667 0.14444
0 0.13411 0.51713 0.0849 0.10648
0 0.11875 0.38657 0.06875 0.11019
1 0.04609 0.40556 0.09219 0.15926
0 0.15937 0.27917 0.03229 0.06759
0 0.19479 0.29722 0.02917 0.07407
0 0.10677 0.28056 0.04271 0.06481
0 0.07344 0.33426 0.03333 0.0463
0 0.16667 0.76204 0.18542 0.12037
0 0.94349 0.30139 0.03281 0.06389
