0 0.19427 0.65787 0.10729 0.13426
0 0.2513 0.50787 0.06823 0.11389
0 0.63255 0.8088 0.1026 0.18611
0 0.64557 0.53333 0.07448 0.11667
0 0.75234 0.5662 0.0651 0.10093
0 0.87969 0.5037 0.07396 0.09815
0 0.74089 0.39537 0.04844 0.08519
0 0.65104 0.4088 0.04583 0.08611
0 0.56198 0.49074 0.04688 0.09444
0 0.45937 0.44907 0.03646 0.08519
1 0.53438 0.33704 0.06146 0.12037
0 0.48932 0.37361 0.04219 0.09352
2 0.47682 0.29213 0.05781 0.09907
0 0.44167 0.31019 0.02813 0.08148
1 0.40885 0.34676 0.05937 0.11944
1 0.40026 0.27269 0.04323 0.03796
1 0.325 0.25787 0.04479 0.09352
0 0.33932 0.34676 0.0349 0.06389
0 0.36589 0.25556 0.02552 0.07222
0 0.36458 0.20694 0.01771 0.025
0 0.42474 0.175 0.01302 0.03889
0 0.43828 0.18704 0.01406 0.03519
0 0.45469 0.24583 0.02083 0.04537
0 0.42578 0.24074 0.02031 0.04444
