0 0.21198 0.52407 0.05 0.05926
0 0.24583 0.65278 0.05 0.0537
0 0.34714 0.60648 0.04115 0.06481
0 0.33151 0.4412 0.04219 0.06019
0 0.3901 0.45231 0.04167 0.06759
0 0.42682 0.32731 0.0401 0.07315
0 0.44141 0.48102 0.02969 0.05278
0 0.51875 0.50278 0.03333 0.06111
0 0.50104 0.60185 0.05 0.08704
1 0.45417 0.66204 0.07187 0.11667
1 0.59062 0.60185 0.06667 0.10926
2 0.53802 0.73102 0.07083 0.11574
0 0.44974 0.84954 0.04427 0.08056
0 0.59844 0.85 0.05417 0.10741
1 0.64661 0.76991 0.07969 0.13981
1 0.5487 0.93565 0.0724 0.075
1 0.84141 0.88333 0.13073 0.11667
0 0.7099 0.72315 0.05417 0.07963
0 0.66953 0.94491 0.0526 0.06019
0 0.60026 0.3213 0.03698 0.06667
0 0.63255 0.39954 0.04427 0.0713
1 0.62995 0.1338 0.04115 0.09537
1 0.66068 0.21852 0.0526 0.1
1 0.78411 0.1375 0.05573 0.10463
0 0.81536 0.26944 0.03906 0.06852
0 0.94505 0.23657 0.06823 0.07315
0 0.40391 0.20602 0.03177 0.05278
0 0.38333 0.13704 0.02917 0.07963
0 0.34089 0.10139 0.03073 0.0787
0 0.31927 0.05833 0.02708 0.06111
0 0.09531 0.11528 0.05208 0.08056
0 0.37083 0.06806 0.02604 0.05648
0 0.41016 0.07917 0.0276 0.08056
0 0.45286 0.11343 0.03281 0.06944
0 0.46849 0.07454 0.02031 0.05833
0 0.4974 0.08565 0.02396 0.06944
0 0.53776 0.05648 0.02344 0.05741
0 0.57682 0.08148 0.02552 0.06852
0 0.56354 0.03796 0.01979 0.03333
0 0.59427 0.04537 0.02083 0.05185
0 0.45781 0.03611 0.01979 0.03333
0 0.5151 0.03843 0.01875 0.03426
