0 0.3849 0.74815 0.05 0.08704
0 0.45286 0.84352 0.04844 0.10185
1 0.1638 0.46389 0.09219 0.09259
0 0.10469 0.43148 0.05521 0.06667
0 0.13021 0.34028 0.05937 0.0787
0 0.18672 0.38935 0.05677 0.06389
0 0.23281 0.2787 0.03646 0.05741
0 0.27969 0.26204 0.03125 0.05926
0 0.2776 0.37269 0.02813 0.03241
0 0.26719 0.53148 0.04271 0.05185
1 0.30859 0.41574 0.05469 0.09074
0 0.33906 0.36806 0.0375 0.06759
0 0.42266 0.27546 0.02135 0.06204
1 0.37318 0.4625 0.05365 0.09722
1 0.35078 0.28657 0.04427 0.09352
1 0.45625 0.33056 0.04583 0.09444
0 0.44427 0.40833 0.03438 0.06111
0 0.45937 0.49769 0.03021 0.05278
0 0.54245 0.30093 0.03073 0.06481
0 0.53151 0.43565 0.02656 0.06759
0 0.57943 0.41343 0.03906 0.0713
0 0.62865 0.56481 0.04271 0.07778
0 0.58255 0.2287 0.0276 0.06111
0 0.65365 0.25046 0.03646 0.06204
0 0.62526 0.36991 0.03385 0.05833
0 0.76094 0.70694 0.06458 0.06389
0 0.85859 0.75046 0.08594 0.10093
0 0.93568 0.70787 0.09219 0.09167
0 0.94766 0.84769 0.0724 0.10278
2 0.38333 0.36435 0.05104 0.08796
0 0.17578 0.19167 0.03698 0.06111
0 0.15052 0.14028 0.04167 0.06389
0 0.10729 0.12176 0.05 0.08056
0 0.04401 0.12963 0.05677 0.07963
