1 0.41094 0.61944 0.0625 0.12778
1 0.55104 0.66481 0.06875 0.11667
1 0.56458 0.87176 0.07604 0.15648
2 0.4737 0.75741 0.06719 0.11667
0 0.49792 0.89537 0.05417 0.10556
1 0.4125 0.93657 0.08542 0.07315
0 0.37005 0.77685 0.04635 0.06667
0 0.46745 0.59444 0.04531 0.08333
0 0.51016 0.52269 0.03385 0.06204
0 0.64609 0.40093 0.04323 0.07963
0 0.65573 0.49815 0.04896 0.07963
1 0.74271 0.33194 0.06667 0.10463
1 0.72865 0.23056 0.06563 0.10185
1 0.925 0.32639 0.09792 0.10463
0 0.92656 0.5088 0.06979 0.07315
0 0.2599 0.47824 0.04688 0.06019
0 0.26458 0.35648 0.03958 0.06481
0 0.36641 0.35602 0.03385 0.06204
0 0.33958 0.49722 0.04167 0.06852
0 0.40964 0.39259 0.04115 0.07778
0 0.45182 0.45139 0.03906 0.05463
0 0.47214 0.30231 0.03594 0.075
0 0.48594 0.18194 0.02292 0.06389
0 0.47839 0.10972 0.02969 0.08056
0 0.44922 0.06065 0.02969 0.08056
0 0.48099 0.05463 0.02656 0.07037
0 0.51927 0.0625 0.03125 0.08056
0 0.55417 0.11898 0.02396 0.06019
0 0.57812 0.09074 0.02604 0.05926
0 0.5724 0.03981 0.02604 0.0463
0 0.60104 0.11019 0.02292 0.06296
0 0.63281 0.06481 0.02396 0.06667
0 0.65052 0.10324 0.02604 0.05648
0 0.68125 0.14306 0.02917 0.06389
0 0.71589 0.11991 0.0276 0.0713
0 0.68802 0.08287 0.02396 0.06389
0 0.67995 0.03935 0.0276 0.03611
0 0.6526 0.88935 0.05 0.0787
