1 0.10781 0.53843 0.14583 0.15648
0 0.13359 0.63565 0.11094 0.06389
1 0.10417 0.73056 0.2 0.18148
1 0.34219 0.59954 0.12917 0.21019
2 0.26016 0.48565 0.08802 0.18241
1 0.35365 0.39815 0.07708 0.14259
0 0.39974 0.46389 0.06406 0.12407
0 0.47187 0.51296 0.05 0.11296
0 0.49089 0.41759 0.03281 0.09444
0 0.41823 0.34398 0.03125 0.06204
0 0.50781 0.35694 0.0375 0.08611
0 0.41198 0.28889 0.02917 0.04259
0 0.46563 0.2838 0.02292 0.05648
0 0.60677 0.3838 0.03958 0.10278
0 0.70417 0.36898 0.03438 0.08611
0 0.7349 0.31019 0.03854 0.08889
0 0.72396 0.26157 0.03646 0.08056
0 0.77708 0.28194 0.04063 0.10093
0 0.82135 0.28333 0.03958 0.08519
0 0.83203 0.34259 0.0474 0.09444
0 0.8651 0.40278 0.05937 0.08333
0 0.8875 0.29074 0.03958 0.05741
1 0.96094 0.3287 0.04792 0.10741
0 0.93333 0.29676 0.02604 0.06204
0 0.94688 0.41898 0.05937 0.08241
0 0.82266 0.77037 0.14427 0.19074
0 0.68854 0.88056 0.13646 0.18889
