0 0.26042 0.57824 0.08229 0.13611
0 0.39661 0.70463 0.0901 0.16296
0 0.62786 0.90417 0.08177 0.14352
0 0.46719 0.56898 0.04479 0.11204
0 0.51562 0.43889 0.04063 0.1
0 0.59062 0.45278 0.05417 0.12963
1 0.66563 0.50185 0.09792 0.17407
0 0.80547 0.59398 0.09323 0.10278
1 0.81901 0.45972 0.1099 0.14907
0 0.89167 0.40185 0.0625 0.06481
0 0.86458 0.35602 0.04792 0.07685
0 0.81563 0.28796 0.04583 0.09444
0 0.76042 0.30046 0.04375 0.09352
0 0.74167 0.25648 0.03125 0.09444
1 0.69479 0.24444 0.05208 0.08889
1 0.67682 0.34028 0.06198 0.11389
2 0.68203 0.38704 0.0724 0.08889
0 0.73698 0.38889 0.04479 0.07963
1 0.59219 0.32731 0.07083 0.11204
0 0.63047 0.31111 0.02344 0.05
0 0.40599 0.31296 0.03177 0.08889
0 0.46823 0.30463 0.03333 0.08519
1 0.36354 0.2537 0.04792 0.1
1 0.29141 0.25602 0.04948 0.10278
1 0.3763 0.18333 0.03177 0.07778
1 0.51901 0.15509 0.0276 0.05463
0 0.45573 0.17315 0.01875 0.05
0 0.44115 0.20833 0.01667 0.05741
0 0.47396 0.17639 0.01458 0.05093
0 0.55312 0.15972 0.01458 0.04167
0 0.19609 0.2875 0.03906 0.07685
0 0.18776 0.23935 0.03073 0.03796
0 0.13385 0.27963 0.04479 0.08148
0 0.12943 0.3088 0.04948 0.07685
0 0.07865 0.37639 0.06771 0.08611
0 0.05208 0.31574 0.05 0.06296
0 0.06563 0.27685 0.05312 0.07407
0 0.01953 0.30231 0.03594 0.08981
0 0.0263 0.46389 0.0526 0.1037
0 0.03203 0.64074 0.06406 0.1037
