0 0.40208 0.78056 0.05521 0.10185
0 0.48073 0.86296 0.05417 0.10556
1 0.36745 0.48657 0.06094 0.10093
1 0.29193 0.45231 0.06615 0.10093
0 0.25182 0.41296 0.02448 0.0463
0 0.31875 0.39954 0.04063 0.06944
2 0.36875 0.3838 0.05 0.09537
1 0.32734 0.31204 0.05156 0.09074
1 0.44349 0.33611 0.05052 0.1
0 0.4375 0.41759 0.03646 0.06296
0 0.45911 0.50185 0.03594 0.06111
0 0.40339 0.2963 0.02656 0.06667
0 0.52396 0.29398 0.02708 0.05648
0 0.575 0.39954 0.03854 0.07685
0 0.52682 0.42917 0.02865 0.07315
0 0.55495 0.22083 0.02344 0.06204
0 0.625 0.23056 0.03021 0.06296
0 0.61042 0.34676 0.02917 0.06944
0 0.6349 0.5287 0.04583 0.07222
1 0.13359 0.53796 0.10781 0.10926
0 0.06198 0.51759 0.06667 0.07037
0 0.0862 0.41111 0.06719 0.07407
0 0.15234 0.45324 0.07448 0.06389
0 0.04896 0.1963 0.06042 0.07593
0 0.09844 0.19769 0.04375 0.05463
0 0.13073 0.25139 0.04688 0.05833
0 0.2 0.33333 0.04167 0.05741
0 0.25182 0.30463 0.03281 0.06852
0 0.25182 0.58102 0.0474 0.06574
0 0.77422 0.63843 0.06406 0.06574
0 0.87214 0.65602 0.08698 0.09352
0 0.93672 0.59306 0.0901 0.08796
0 0.95443 0.71713 0.05781 0.08426
0 0.95365 0.86481 0.05833 0.09259
0 0.88438 0.9213 0.0625 0.03889
