0 0.2013 0.64676 0.05781 0.05463
0 0.26042 0.76389 0.05208 0.05926
0 0.32083 0.50741 0.04583 0.05556
0 0.38438 0.49028 0.04792 0.06944
0 0.36276 0.67083 0.04427 0.06944
1 0.48438 0.67454 0.07396 0.1213
0 0.51797 0.59074 0.0474 0.08333
2 0.57578 0.7 0.06823 0.11852
0 0.50599 0.85 0.03802 0.08889
1 0.6151 0.91065 0.07604 0.1213
0 0.63906 0.77639 0.05312 0.09722
1 0.67578 0.68935 0.07656 0.12685
1 0.60182 0.55231 0.06719 0.11759
1 0.85625 0.73704 0.11875 0.13704
0 0.85964 0.89815 0.09427 0.07778
0 0.94141 0.88611 0.07969 0.10741
0 0.72005 0.85185 0.0599 0.07778
0 0.71927 0.6162 0.04792 0.06759
0 0.52031 0.49537 0.03333 0.06296
0 0.4401 0.50139 0.03333 0.05833
0 0.40052 0.35741 0.04479 0.07407
0 0.57161 0.2875 0.0401 0.07685
0 0.6125 0.35417 0.04167 0.07315
0 0.36016 0.2412 0.03594 0.06389
0 0.32526 0.17454 0.03802 0.0787
0 0.27656 0.14954 0.04375 0.08056
0 0.24505 0.11944 0.03073 0.06667
0 0.16536 0.0537 0.04844 0.07037
0 0.29505 0.0588 0.03906 0.06204
0 0.30859 0.11111 0.03281 0.05741
0 0.3487 0.10509 0.03177 0.07685
0 0.39714 0.12917 0.02656 0.06019
0 0.40703 0.08519 0.02344 0.05556
0 0.4375 0.09167 0.02813 0.06852
0 0.3875 0.04537 0.025 0.05185
0 0.35182 0.03426 0.03073 0.03889
0 0.47448 0.05648 0.01979 0.06111
0 0.49375 0.03056 0.01875 0.03704
0 0.51172 0.06713 0.01927 0.06204
0 0.52526 0.03426 0.02031 0.04259
1 0.56953 0.10417 0.04219 0.09352
1 0.60833 0.17407 0.04688 0.10556
1 0.70599 0.06759 0.04948 0.1
0 0.74792 0.18102 0.0375 0.06944
0 0.84453 0.12222 0.04844 0.08704
1 0.2237 0.03194 0.0276 0.03426
