0 0.29557 0.76574 0.10365 0.18148
0 0.51354 0.73472 0.09375 0.16759
0 0.73594 0.71991 0.08854 0.13426
0 0.51406 0.56713 0.06771 0.10463
0 0.49401 0.42407 0.03802 0.08519
0 0.56719 0.40185 0.05312 0.11481
1 0.52943 0.31991 0.05885 0.13056
1 0.58047 0.29213 0.0474 0.10648
2 0.61745 0.34491 0.04844 0.13056
1 0.64349 0.42037 0.08906 0.1537
1 0.69219 0.34398 0.06458 0.125
0 0.71719 0.43102 0.05312 0.08981
1 0.56406 0.21574 0.03958 0.09074
0 0.58958 0.20741 0.01771 0.07037
0 0.61068 0.23519 0.02656 0.07037
0 0.63828 0.21991 0.02552 0.075
0 0.67891 0.26435 0.02344 0.06574
0 0.70859 0.27407 0.02552 0.03333
0 0.73906 0.23194 0.02396 0.04907
0 0.7724 0.22315 0.02292 0.0537
0 0.77057 0.20509 0.02552 0.06204
0 0.32031 0.35602 0.04479 0.09352
0 0.39219 0.325 0.04375 0.08889
1 0.10573 0.34676 0.09688 0.13056
1 0.2263 0.31296 0.07865 0.12222
1 0.19792 0.21528 0.05833 0.0787
0 0.06563 0.23426 0.05417 0.08519
0 0.30078 0.23056 0.02552 0.06296
0 0.29193 0.18287 0.02031 0.03981
0 0.31484 0.18472 0.01823 0.03981
1 0.36172 0.15463 0.02865 0.06296
0 0.27786 0.15509 0.01406 0.04352
