0 0.32812 0.65139 0.04271 0.06759
0 0.42578 0.76204 0.04427 0.06296
0 0.39115 0.57685 0.04688 0.07963
0 0.36432 0.43426 0.04219 0.06481
0 0.44948 0.53519 0.03229 0.05556
0 0.51927 0.47083 0.03438 0.05093
0 0.54479 0.55694 0.04583 0.075
1 0.54453 0.64815 0.06823 0.11481
1 0.70703 0.75463 0.08281 0.12593
1 0.60573 0.46296 0.05937 0.10926
1 0.69141 0.52407 0.07031 0.11111
2 0.62214 0.60417 0.0599 0.09352
0 0.60443 0.7838 0.04323 0.08056
0 0.68411 0.61944 0.04635 0.07593
0 0.74635 0.61111 0.05417 0.05741
0 0.69115 0.43009 0.04271 0.06019
1 0.81068 0.44352 0.08698 0.10556
0 0.84844 0.56852 0.07604 0.07778
0 0.88984 0.49028 0.0724 0.0787
0 0.94349 0.62546 0.07656 0.08426
0 0.8763 0.75694 0.07552 0.07315
0 0.82839 0.80926 0.07448 0.08889
0 0.50625 0.25231 0.03542 0.075
0 0.55573 0.2912 0.03125 0.0713
0 0.61745 0.07083 0.02969 0.06019
1 0.45312 0.09213 0.0375 0.09167
1 0.50807 0.13843 0.04115 0.09907
1 0.18438 0.12083 0.06354 0.08981
1 0.1625 0.05694 0.05417 0.05463
1 0.06719 0.11343 0.04792 0.06019
0 0.09505 0.16481 0.04323 0.06296
0 0.10964 0.12083 0.04323 0.06204
0 0.08646 0.07176 0.03646 0.03241
1 0.02266 0.20556 0.04531 0.08704
0 0.10703 0.31296 0.06302 0.07407
0 0.15547 0.31898 0.06198 0.06944
0 0.14089 0.2125 0.04635 0.05833
0 0.18073 0.26435 0.04896 0.06759
0 0.22266 0.22639 0.04531 0.06759
0 0.22552 0.31296 0.04479 0.06667
0 0.28203 0.34907 0.03906 0.05556
0 0.28776 0.21389 0.03594 0.06111
0 0.27839 0.16343 0.0349 0.05093
0 0.24349 0.13287 0.0349 0.06389
0 0.31745 0.15602 0.03177 0.06389
0 0.30911 0.08611 0.02969 0.05926
0 0.34557 0.09444 0.02344 0.05741
0 0.38646 0.08889 0.02917 0.06852
0 0.38594 0.03843 0.02292 0.04722
0 0.35365 0.05185 0.03021 0.05741
0 0.29141 0.04491 0.02344 0.05278
0 0.21797 0.05417 0.03594 0.06204
0 0.32656 0.03611 0.02083 0.03519
1 0.02891 0.08148 0.05469 0.09074
