0 0.28594 0.7375 0.09896 0.15093
0 0.50286 0.74074 0.08281 0.17222
0 0.73594 0.74352 0.08021 0.13148
0 0.50781 0.56898 0.05208 0.10278
0 0.49688 0.42917 0.02292 0.08241
0 0.5724 0.41435 0.05 0.11574
0 0.73073 0.44769 0.05729 0.09167
1 0.64766 0.4287 0.08073 0.1463
1 0.70885 0.35509 0.06146 0.11574
1 0.53906 0.32222 0.05417 0.12593
1 0.59036 0.29583 0.04948 0.10833
1 0.57995 0.20972 0.03698 0.06204
1 0.13724 0.33102 0.07969 0.1213
1 0.24453 0.3 0.06198 0.10185
1 0.22578 0.20926 0.04531 0.07778
1 0.38333 0.15417 0.02396 0.05833
0 0.40182 0.31991 0.03281 0.08056
0 0.33203 0.34861 0.04115 0.08611
0 0.32318 0.22407 0.02656 0.05185
0 0.31745 0.1787 0.02135 0.03333
0 0.33932 0.18241 0.01823 0.04074
0 0.30443 0.14815 0.0151 0.03148
0 0.10625 0.22083 0.03854 0.06389
0 0.0349 0.24861 0.05208 0.08241
2 0.62917 0.32407 0.05521 0.06667
0 0.62891 0.24815 0.02656 0.07593
0 0.60964 0.2162 0.01927 0.06389
0 0.65885 0.22546 0.02604 0.06944
0 0.69792 0.27222 0.02187 0.05185
0 0.72552 0.2838 0.02917 0.03056
0 0.76589 0.24583 0.02656 0.06204
0 0.80104 0.22083 0.03021 0.08426
