1 0.07865 0.46204 0.13021 0.13148
0 0.13542 0.40463 0.06354 0.09074
0 0.08411 0.35648 0.0599 0.08148
0 0.20443 0.54954 0.06406 0.08056
0 0.2125 0.31667 0.03542 0.06667
0 0.26615 0.29722 0.03125 0.07778
0 0.17083 0.25556 0.03438 0.06111
0 0.1513 0.20926 0.0349 0.04074
0 0.11536 0.2162 0.04115 0.075
0 0.04844 0.21806 0.05 0.0787
1 0.275 0.41157 0.06979 0.11574
1 0.34479 0.44907 0.0625 0.12963
1 0.33932 0.30185 0.04427 0.08333
2 0.37109 0.36852 0.0526 0.10556
0 0.43698 0.39769 0.0375 0.09167
0 0.45182 0.48889 0.03594 0.07778
0 0.31589 0.36019 0.0349 0.0537
0 0.41458 0.30509 0.01979 0.06389
1 0.45026 0.32824 0.0474 0.10463
0 0.53828 0.43333 0.02448 0.08148
0 0.59115 0.4088 0.03854 0.09907
0 0.53984 0.31898 0.02865 0.06944
0 0.57344 0.26528 0.02083 0.06389
0 0.64427 0.28056 0.025 0.07222
0 0.63229 0.37315 0.02708 0.07407
0 0.66693 0.54769 0.05365 0.10278
0 0.88125 0.71759 0.11146 0.09259
0 0.33307 0.8037 0.08281 0.14074
0 0.4362 0.92315 0.08906 0.0963
