0 0.22708 0.47546 0.07604 0.11204
0 0.30026 0.39167 0.0526 0.1037
0 0.46771 0.88426 0.10208 0.17963
0 0.63021 0.64583 0.08646 0.14537
0 0.54922 0.53472 0.05052 0.09907
0 0.71901 0.51296 0.0599 0.09259
0 0.78854 0.80972 0.10729 0.13056
0 0.89531 0.58704 0.09792 0.12593
0 0.46719 0.43426 0.04063 0.08889
0 0.425 0.29259 0.02604 0.07037
1 0.46224 0.3162 0.05365 0.11759
1 0.48151 0.25602 0.0349 0.06944
0 0.53047 0.37917 0.04948 0.09722
1 0.59089 0.35602 0.06302 0.14352
0 0.6276 0.31343 0.02604 0.04907
1 0.5776 0.26296 0.05312 0.05926
2 0.53255 0.29861 0.04844 0.08796
1 0.43385 0.2125 0.03646 0.09167
1 0.1125 0.20417 0.05417 0.08796
1 0.04427 0.5 0.08854 0.14815
0 0.06589 0.33472 0.05781 0.08056
0 0.04453 0.26759 0.04531 0.06296
0 0.01432 0.29259 0.02865 0.07963
0 0.47682 0.20972 0.01823 0.04352
0 0.48802 0.19028 0.01875 0.05648
0 0.53776 0.22454 0.02344 0.05093
0 0.56432 0.22639 0.01927 0.025
0 0.57682 0.17778 0.02135 0.05185
0 0.56354 0.15509 0.02083 0.04167
0 0.50417 0.27315 0.01667 0.05926
