0 0.38516 0.74583 0.05052 0.08796
0 0.45052 0.84352 0.05417 0.09815
0 0.63099 0.5662 0.04635 0.0787
0 0.58125 0.41852 0.03854 0.06667
0 0.62474 0.37222 0.03073 0.06852
0 0.65391 0.25 0.03594 0.06852
0 0.58047 0.2287 0.03177 0.06111
0 0.54245 0.29954 0.03073 0.05648
0 0.53177 0.44491 0.02396 0.06389
0 0.46016 0.49398 0.0349 0.05463
0 0.44427 0.40787 0.03854 0.06759
1 0.45651 0.33056 0.05052 0.10185
0 0.4237 0.27778 0.02135 0.06667
1 0.35234 0.28519 0.04427 0.09444
2 0.38828 0.36389 0.04844 0.08889
1 0.37318 0.46389 0.05573 0.09815
1 0.30833 0.41389 0.05937 0.08704
1 0.16719 0.46157 0.08854 0.09537
0 0.26641 0.52685 0.04323 0.06111
0 0.27917 0.3662 0.02917 0.03796
0 0.33828 0.36713 0.03698 0.06389
0 0.28229 0.25741 0.03333 0.06481
0 0.1875 0.38287 0.05937 0.06389
0 0.10755 0.42593 0.05573 0.06111
0 0.2349 0.27639 0.03333 0.06019
0 0.13281 0.33102 0.05833 0.075
0 0.17708 0.18333 0.03229 0.05556
0 0.15182 0.13194 0.04427 0.06019
0 0.10833 0.11713 0.05104 0.0787
0 0.05026 0.12731 0.0599 0.08426
0 0.75781 0.7088 0.06354 0.06759
0 0.85807 0.75741 0.08594 0.1
0 0.93646 0.71481 0.09167 0.1037
0 0.94661 0.85463 0.06927 0.11111
