1 0.64766 0.56852 0.12865 0.2037
0 0.59167 0.4838 0.0625 0.13426
1 0.63177 0.37639 0.07708 0.14537
0 0.3401 0.63704 0.08438 0.14074
0 0.28151 0.49259 0.0651 0.12593
0 0.13437 0.46898 0.06875 0.10278
0 0.44193 0.55093 0.04323 0.10926
0 0.52656 0.44074 0.03854 0.0963
0 0.51589 0.30556 0.03594 0.07778
0 0.45833 0.30093 0.0375 0.07963
1 0.37786 0.23148 0.04115 0.09074
1 0.43802 0.23333 0.03854 0.07963
1 0.46536 0.18287 0.0276 0.075
1 0.61745 0.16852 0.03073 0.06852
0 0.54583 0.18194 0.01875 0.05463
0 0.56667 0.18287 0.0125 0.04167
0 0.52448 0.20833 0.01979 0.0537
0 0.65938 0.17546 0.01146 0.03426
0 0.63203 0.1662 0.01198 0.03981
1 0.90417 0.60741 0.15521 0.2
0 0.83333 0.75926 0.12708 0.15926
0 0.78698 0.49074 0.06354 0.13333
2 0.72005 0.47546 0.07969 0.15463
1 0.73984 0.37778 0.08177 0.1037
1 0.80443 0.31019 0.0724 0.12407
0 0.69505 0.36713 0.0276 0.08056
0 0.83724 0.48148 0.0526 0.09444
0 0.8888 0.38194 0.06927 0.11204
0 0.87682 0.32685 0.05469 0.1
0 0.96693 0.39583 0.02969 0.09167
0 0.11719 0.30556 0.04167 0.07222
0 0.08438 0.26389 0.03229 0.06296
0 0.16771 0.35139 0.04167 0.0787
0 0.16146 0.29861 0.02813 0.03241
0 0.21745 0.29861 0.03802 0.0713
0 0.2099 0.25231 0.03125 0.06019
0 0.18776 0.225 0.01823 0.03704
0 0.22839 0.22593 0.02552 0.06111
0 0.25677 0.25231 0.02917 0.06574
0 0.26667 0.23565 0.02604 0.05833
0 0.30443 0.2463 0.02344 0.05556
0 0.30729 0.22361 0.01979 0.05463
0 0.05833 0.36713 0.05937 0.09352
0 0.04688 0.43426 0.05104 0.10556
1 0.04167 0.29074 0.02604 0.05741
