0 0.3487 0.62454 0.08385 0.13611
0 0.29453 0.48241 0.06406 0.10926
0 0.44141 0.54491 0.04844 0.10278
0 0.52187 0.44491 0.03438 0.09537
0 0.46719 0.91111 0.10208 0.12037
0 0.81406 0.75278 0.12083 0.14815
1 0.63672 0.56389 0.1276 0.20185
0 0.58333 0.48611 0.05 0.11667
1 0.62292 0.38704 0.06771 0.14074
1 0.73203 0.3912 0.08177 0.09907
0 0.6875 0.37778 0.02917 0.07593
2 0.70833 0.48102 0.08542 0.14167
0 0.77344 0.49537 0.06042 0.12037
0 0.82188 0.4787 0.05312 0.07963
0 0.87552 0.39583 0.06146 0.09352
0 0.86068 0.33704 0.05365 0.08519
1 0.79036 0.31528 0.07865 0.10093
0 0.95911 0.40741 0.04219 0.1037
1 0.90052 0.61204 0.15937 0.19259
0 0.46302 0.31111 0.03021 0.07593
0 0.52005 0.31944 0.03698 0.08148
1 0.44427 0.25139 0.0375 0.07685
1 0.39062 0.25185 0.03646 0.09074
1 0.46875 0.20093 0.025 0.06667
0 0.52448 0.22454 0.02083 0.05278
0 0.54557 0.19769 0.01823 0.04352
0 0.56823 0.20046 0.01354 0.03426
1 0.61641 0.18889 0.02552 0.0537
0 0.16354 0.45972 0.05937 0.09907
0 0.19349 0.35093 0.03177 0.07407
0 0.15026 0.31204 0.03698 0.06852
0 0.11927 0.26944 0.02917 0.06481
0 0.24375 0.30602 0.03646 0.0713
0 0.18906 0.30324 0.02396 0.01944
0 0.23281 0.2625 0.02813 0.04352
0 0.25156 0.23935 0.02396 0.05648
0 0.21563 0.23935 0.01979 0.03611
0 0.27552 0.26759 0.02396 0.05926
0 0.28906 0.25 0.02396 0.05741
0 0.32083 0.25648 0.02396 0.05556
0 0.06276 0.42037 0.07656 0.11296
0 0.09115 0.36944 0.05833 0.09259
1 0.06354 0.30093 0.06667 0.08148
1 0.01771 0.26759 0.03542 0.0537
0 0.01328 0.39537 0.02552 0.09444
0 0.65547 0.19491 0.01615 0.03241
