0 0.39531 0.7588 0.05417 0.08611
0 0.46667 0.84398 0.05521 0.10463
0 0.62943 0.54954 0.04323 0.08056
0 0.76146 0.67731 0.06146 0.07685
0 0.85339 0.70648 0.08802 0.09074
0 0.93281 0.6588 0.09583 0.09907
0 0.94401 0.79213 0.07865 0.09907
0 0.94089 0.9125 0.08698 0.08241
0 0.61771 0.35972 0.03229 0.06944
0 0.64193 0.23657 0.03281 0.06574
0 0.57057 0.22176 0.0349 0.06389
0 0.53359 0.29815 0.03698 0.06111
0 0.53125 0.4375 0.02604 0.06389
0 0.57474 0.40787 0.04115 0.0713
0 0.45911 0.49815 0.03802 0.06111
0 0.44453 0.41065 0.0474 0.06944
1 0.37682 0.47454 0.06406 0.10278
1 0.45104 0.33056 0.05729 0.09815
1 0.34219 0.29444 0.04688 0.09815
0 0.4138 0.27685 0.02552 0.06481
2 0.38229 0.37176 0.05208 0.08796
0 0.33151 0.38009 0.03802 0.06759
1 0.30417 0.43333 0.06354 0.09074
0 0.27526 0.39213 0.03698 0.04537
0 0.26927 0.2787 0.03646 0.06852
0 0.22083 0.30185 0.04063 0.06481
0 0.2638 0.55 0.04531 0.05926
1 0.15833 0.4963 0.1 0.0963
0 0.09219 0.46528 0.0625 0.06019
0 0.11745 0.36759 0.06719 0.07778
0 0.17891 0.41759 0.06198 0.06481
0 0.15651 0.20926 0.04323 0.06667
0 0.12682 0.15926 0.04219 0.06296
0 0.08021 0.14907 0.05521 0.08148
0 0.0224 0.16713 0.04479 0.075
