1 0.10755 0.20509 0.05677 0.09537
0 0.05599 0.33935 0.07031 0.08241
0 0.03464 0.26991 0.04323 0.06944
0 0.01094 0.2963 0.02187 0.07778
1 0.04167 0.50648 0.08333 0.17407
0 0.22656 0.47778 0.075 0.12037
0 0.30365 0.39213 0.06042 0.11204
0 0.4737 0.8838 0.10365 0.18611
0 0.63151 0.65093 0.0901 0.15185
0 0.7875 0.81204 0.11771 0.13704
0 0.89427 0.57917 0.09583 0.14537
0 0.71875 0.51296 0.07083 0.10741
0 0.55104 0.53148 0.05729 0.11296
0 0.47083 0.43009 0.0375 0.09722
0 0.5276 0.37731 0.04167 0.11204
2 0.53073 0.29398 0.05729 0.09722
1 0.59323 0.35463 0.06875 0.13333
1 0.5724 0.27176 0.04792 0.0713
1 0.46198 0.31528 0.06042 0.12685
0 0.42396 0.29722 0.03125 0.06296
1 0.42969 0.2088 0.03854 0.08611
1 0.48099 0.25463 0.03906 0.06481
0 0.4737 0.20833 0.02344 0.03704
0 0.48672 0.1912 0.01927 0.05093
0 0.53385 0.22269 0.01771 0.04907
0 0.56146 0.22917 0.02187 0.0287
0 0.57422 0.17361 0.01615 0.04352
0 0.56224 0.15972 0.01302 0.04167
0 0.55703 0.18889 0.0151 0.05185
