1 0.11016 0.63611 0.17865 0.20926
0 0.18125 0.56111 0.08333 0.11667
1 0.17786 0.45602 0.09844 0.13426
1 0.31562 0.55926 0.11458 0.21111
2 0.28073 0.43472 0.07396 0.10093
0 0.30651 0.39398 0.0349 0.0787
1 0.37656 0.3625 0.06979 0.11204
0 0.39844 0.43981 0.05208 0.11852
0 0.46094 0.5037 0.04271 0.10741
0 0.44974 0.33704 0.02656 0.07037
0 0.4526 0.28426 0.02396 0.03704
0 0.50755 0.27963 0.01823 0.05926
0 0.50573 0.41343 0.02917 0.08981
0 0.53047 0.36481 0.03385 0.09444
0 0.54245 0.3162 0.02031 0.04167
0 0.63411 0.40833 0.0474 0.1037
0 0.76224 0.40694 0.0401 0.08241
0 0.81276 0.34907 0.05365 0.1037
0 0.80859 0.28843 0.04531 0.09352
0 0.83958 0.28519 0.02604 0.05926
0 0.87448 0.33333 0.06042 0.10185
0 0.94531 0.4037 0.06979 0.09815
0 0.94792 0.33704 0.06042 0.09074
0 0.57839 0.90787 0.12135 0.13611
0 0.78411 0.8787 0.15156 0.18519
1 0.96094 0.27546 0.04271 0.06574
