0 0.20182 0.71296 0.12344 0.17407
0 0.71745 0.6162 0.08698 0.16019
0 0.62448 0.43426 0.05104 0.11852
0 0.68646 0.41991 0.03333 0.08426
0 0.7112 0.34722 0.04219 0.07037
0 0.62422 0.31852 0.03594 0.07222
0 0.57396 0.35463 0.03333 0.08148
0 0.5526 0.44398 0.04479 0.08981
0 0.45026 0.46528 0.04219 0.08981
0 0.4474 0.37454 0.04792 0.09722
1 0.47292 0.33472 0.06458 0.13056
2 0.3987 0.35231 0.04948 0.10833
1 0.34453 0.39306 0.06719 0.14352
1 0.29036 0.34861 0.0526 0.08981
0 0.32656 0.28981 0.02083 0.05741
1 0.37682 0.28426 0.04219 0.04259
1 0.14115 0.35741 0.08854 0.13333
0 0.20964 0.45417 0.05573 0.08426
0 0.20625 0.33241 0.04583 0.1037
0 0.17474 0.28843 0.02135 0.04352
0 0.24609 0.25139 0.03177 0.08611
0 0.26901 0.25 0.02031 0.07037
0 0.20391 0.22685 0.02552 0.05556
0 0.28229 0.28843 0.02187 0.03981
