0 0.37995 0.66481 0.05156 0.08148
0 0.48594 0.68565 0.04792 0.08981
0 0.49583 0.57407 0.03646 0.0537
0 0.60208 0.70694 0.03646 0.0713
0 0.49401 0.83981 0.04427 0.07593
0 0.66797 0.92222 0.06198 0.08889
0 0.24297 0.78796 0.08906 0.06667
0 0.12109 0.70139 0.08177 0.05833
0 0.05521 0.67824 0.07604 0.075
0 0.10078 0.57963 0.0776 0.06852
0 0.08854 0.47407 0.06771 0.05926
0 0.05052 0.41991 0.07604 0.06389
0 0.08828 0.34861 0.05469 0.05833
0 0.13307 0.39769 0.05781 0.06019
1 0.21484 0.29028 0.06302 0.10093
1 0.29375 0.24907 0.06146 0.1
1 0.24792 0.08843 0.05521 0.10278
0 0.33828 0.08704 0.03177 0.07037
0 0.08438 0.13287 0.05833 0.08611
0 0.13333 0.07824 0.04896 0.08981
0 0.02891 0.54583 0.05781 0.06759
1 0.60026 0.48796 0.0599 0.10556
1 0.54089 0.32546 0.0526 0.09722
1 0.59401 0.27824 0.04635 0.10093
1 0.68073 0.36944 0.05833 0.0963
0 0.49844 0.4338 0.03125 0.05463
1 0.60339 0.13796 0.0401 0.09815
0 0.37214 0.32361 0.04115 0.0787
0 0.4237 0.28472 0.03906 0.0713
0 0.55391 0.44722 0.03385 0.07037
2 0.60469 0.38102 0.05 0.09352
0 0.62734 0.32778 0.03281 0.05185
0 0.63724 0.27917 0.02656 0.06204
0 0.71927 0.28981 0.04063 0.05926
0 0.66563 0.48148 0.03854 0.0537
0 0.65052 0.16898 0.03646 0.07685
0 0.63932 0.10833 0.03073 0.07963
0 0.55729 0.23287 0.02396 0.05833
0 0.71224 0.2287 0.03385 0.06111
0 0.69219 0.12546 0.03125 0.0787
0 0.79818 0.17778 0.03594 0.06111
0 0.84661 0.15741 0.0349 0.06852
0 0.86042 0.10231 0.02917 0.04722
0 0.85156 0.05093 0.04375 0.07407
