1 0.37943 0.48657 0.06198 0.10278
1 0.26484 0.70833 0.08594 0.11667
1 0.44896 0.67546 0.07187 0.11759
1 0.37422 0.83426 0.07969 0.15556
0 0.33203 0.76667 0.04844 0.08889
2 0.37057 0.6375 0.06406 0.10093
0 0.31042 0.54213 0.04375 0.05648
0 0.2987 0.9338 0.06094 0.08426
0 0.42891 0.53611 0.04219 0.07778
0 0.4901 0.53426 0.03021 0.05926
0 0.47917 0.4162 0.03542 0.05278
0 0.39219 0.34537 0.03646 0.06111
0 0.36094 0.26759 0.03542 0.06296
0 0.4026 0.18889 0.02813 0.06481
0 0.46354 0.27269 0.03125 0.06759
0 0.47474 0.3375 0.03906 0.06574
0 0.55703 0.3287 0.03802 0.07222
0 0.61823 0.7125 0.04375 0.075
0 0.66589 0.62269 0.04844 0.07315
1 0.8151 0.72083 0.10312 0.14167
1 0.87865 0.60046 0.10417 0.11944
0 0.93828 0.47731 0.06302 0.07315
0 0.87266 0.45278 0.05781 0.06667
0 0.91797 0.39815 0.06198 0.06667
0 0.94792 0.33889 0.05625 0.07778
0 0.90885 0.28472 0.06146 0.0713
0 0.85521 0.30648 0.05625 0.06296
0 0.85052 0.36296 0.05208 0.05741
0 0.78333 0.31435 0.04792 0.06389
0 0.77865 0.26296 0.05 0.05741
0 0.80729 0.22315 0.04375 0.05556
0 0.73203 0.2662 0.04115 0.07315
0 0.72448 0.18056 0.04063 0.07963
0 0.72474 0.09722 0.03698 0.08333
0 0.68958 0.13426 0.03229 0.08333
0 0.65365 0.1787 0.03958 0.07593
0 0.63151 0.25 0.04115 0.05741
0 0.65104 0.11019 0.03125 0.07778
0 0.66615 0.06343 0.02813 0.05278
1 0.81146 0.13565 0.06042 0.11019
0 0.77526 0.05324 0.03177 0.04907
1 0.80651 0.03935 0.03802 0.05278
0 0.8138 0.06481 0.03698 0.05
0 0.84583 0.04676 0.02708 0.04722
