0 0.36276 0.85694 0.11198 0.21019
0 0.5862 0.70648 0.08906 0.15926
0 0.74245 0.60741 0.08177 0.12963
0 0.53672 0.5588 0.06615 0.10463
0 0.48151 0.43148 0.03281 0.09444
0 0.34896 0.35139 0.04375 0.09167
0 0.27135 0.40741 0.0625 0.09444
1 0.12943 0.37778 0.10469 0.13704
1 0.05964 0.27917 0.08906 0.1213
1 0.25781 0.16852 0.03542 0.07593
0 0.20078 0.26343 0.03177 0.06204
0 0.20729 0.20787 0.02083 0.04352
0 0.17604 0.21667 0.03125 0.06111
0 0.14688 0.17917 0.02292 0.05463
0 0.55417 0.38704 0.04271 0.11296
2 0.57656 0.30694 0.04583 0.09537
1 0.61927 0.39491 0.06979 0.15833
1 0.63542 0.28843 0.05312 0.06759
0 0.67188 0.37963 0.04375 0.08704
1 0.49505 0.31111 0.05469 0.11667
1 0.53568 0.28056 0.0401 0.10741
1 0.50078 0.2125 0.0349 0.08611
0 0.52057 0.19491 0.01615 0.06019
0 0.56432 0.20509 0.01823 0.06574
0 0.54297 0.21389 0.02448 0.03519
0 0.60677 0.23935 0.01771 0.05833
0 0.63568 0.24491 0.01719 0.025
0 0.67214 0.18657 0.02448 0.04907
0 0.65911 0.17361 0.02135 0.04352
