0 0.37161 0.85972 0.12031 0.21019
0 0.5862 0.69861 0.09635 0.16759
0 0.74062 0.59444 0.08021 0.13148
0 0.53568 0.55463 0.07135 0.10185
0 0.48984 0.43056 0.0526 0.1037
0 0.54974 0.38241 0.0526 0.11296
1 0.49219 0.30972 0.05521 0.11574
1 0.53047 0.27454 0.04219 0.10278
1 0.49401 0.20787 0.04219 0.08796
1 0.61302 0.37778 0.06875 0.14074
1 0.63125 0.28796 0.05833 0.07593
2 0.5724 0.31574 0.04896 0.10741
0 0.66745 0.37176 0.04115 0.09167
0 0.60208 0.23287 0.02292 0.05278
0 0.62839 0.24213 0.01927 0.02315
0 0.63542 0.20602 0.0125 0.04537
0 0.65938 0.18843 0.01771 0.04537
0 0.64922 0.17963 0.0151 0.05
0 0.55781 0.2037 0.01771 0.06667
0 0.5375 0.21204 0.02292 0.05185
0 0.51562 0.20231 0.01667 0.0713
0 0.26953 0.4088 0.0599 0.10463
0 0.34661 0.35417 0.05573 0.09907
1 0.12526 0.38657 0.10885 0.15093
1 0.03984 0.28056 0.07969 0.12407
1 0.24948 0.1713 0.03854 0.08148
0 0.1651 0.22037 0.04167 0.06296
0 0.13151 0.18426 0.0224 0.05
0 0.19349 0.21574 0.02135 0.0463
0 0.19167 0.26713 0.03958 0.06389
0 0.71823 0.92917 0.12187 0.08611
