0 0.1875 0.66528 0.11354 0.14722
0 0.2474 0.50417 0.06771 0.11019
0 0.63385 0.80787 0.09896 0.175
0 0.64531 0.53009 0.07292 0.1213
0 0.64922 0.40602 0.04531 0.07685
0 0.55833 0.49028 0.05 0.09907
0 0.45755 0.4463 0.0401 0.07593
0 0.7513 0.56481 0.06823 0.10741
0 0.87708 0.50278 0.075 0.10926
0 0.74062 0.39722 0.05208 0.09444
1 0.53568 0.33472 0.0599 0.12315
0 0.4901 0.37546 0.04271 0.09537
2 0.46667 0.30694 0.04479 0.08796
1 0.40964 0.34815 0.06615 0.12593
1 0.39505 0.27361 0.04323 0.04167
0 0.4401 0.29583 0.01979 0.05093
0 0.45182 0.25 0.02031 0.05185
0 0.42083 0.24306 0.02187 0.04907
0 0.3401 0.34398 0.03542 0.06574
1 0.3237 0.2588 0.04323 0.09537
0 0.36641 0.25648 0.02656 0.06667
0 0.3638 0.21343 0.0276 0.03426
0 0.42057 0.1787 0.01406 0.04074
0 0.4362 0.1912 0.01302 0.04537
