1 0.43828 0.63056 0.14323 0.22963
0 0.52422 0.56296 0.07656 0.14074
0 0.53594 0.46713 0.04375 0.06389
1 0.67474 0.53472 0.12656 0.20463
1 0.73047 0.24491 0.04531 0.09352
1 0.64479 0.2875 0.05417 0.09352
1 0.59844 0.25787 0.04167 0.09537
0 0.65547 0.38472 0.05052 0.10093
0 0.60234 0.3412 0.0401 0.08241
0 0.40937 0.36991 0.04271 0.09907
0 0.4224 0.47824 0.04271 0.08611
0 0.34844 0.44583 0.06354 0.11574
0 0.26849 0.45926 0.05573 0.09074
0 0.23802 0.62454 0.075 0.12315
0 0.04609 0.55787 0.09219 0.11574
0 0.33802 0.24352 0.03021 0.07037
0 0.31927 0.24769 0.02083 0.06759
1 0.32135 0.19398 0.02813 0.03611
1 0.36875 0.19954 0.02187 0.03796
1 0.41484 0.21944 0.02031 0.06111
1 0.425 0.20463 0.02187 0.07037
0 0.44167 0.26898 0.01667 0.04167
0 0.3901 0.30417 0.02708 0.05093
0 0.3724 0.25833 0.025 0.07963
0 0.40677 0.25 0.02813 0.05926
0 0.38724 0.20741 0.01302 0.04074
0 0.49141 0.22269 0.01823 0.05833
0 0.47813 0.24861 0.01771 0.04167
0 0.51302 0.23611 0.01979 0.04259
0 0.52891 0.22824 0.0151 0.04722
0 0.54688 0.24352 0.02396 0.05556
0 0.55755 0.22593 0.01823 0.04815
0 0.8013 0.30185 0.0349 0.06481
0 0.90156 0.2912 0.04271 0.0713
0 0.95911 0.30972 0.03281 0.05648
0 0.5151 0.20509 0.01875 0.0287
0 0.45443 0.2537 0.02448 0.04444
0 0.44453 0.22917 0.01719 0.03426
0 0.45312 0.20231 0.01458 0.025
2 0.63646 0.79583 0.16458 0.28611
1 0.88359 0.79028 0.19635 0.30278
