0 0.37656 0.77361 0.06563 0.10463
0 0.45703 0.88009 0.0651 0.1213
0 0.63854 0.55231 0.04688 0.08796
0 0.79453 0.69583 0.07031 0.06944
0 0.90339 0.73102 0.10677 0.11204
0 0.95651 0.66435 0.0526 0.08056
0 0.58281 0.40926 0.03958 0.07407
0 0.62448 0.35833 0.03125 0.06481
0 0.64479 0.25 0.03333 0.06481
0 0.57057 0.23194 0.03177 0.06204
0 0.53281 0.4338 0.03333 0.08426
0 0.53828 0.30046 0.0349 0.06574
0 0.45911 0.49676 0.0349 0.05833
0 0.44062 0.40556 0.04688 0.07593
1 0.45182 0.32963 0.05052 0.0963
0 0.4151 0.29167 0.02083 0.07222
1 0.36562 0.46898 0.06667 0.11019
1 0.29479 0.42315 0.06458 0.10185
1 0.3401 0.29352 0.04271 0.10556
2 0.38125 0.37176 0.05104 0.09722
0 0.32682 0.37407 0.0401 0.07037
0 0.25755 0.38241 0.02656 0.03889
0 0.26953 0.27731 0.03281 0.06389
0 0.21693 0.29907 0.0401 0.07222
0 0.24505 0.55093 0.05052 0.06667
1 0.13359 0.47824 0.1026 0.10278
0 0.16562 0.40278 0.06354 0.07593
0 0.10781 0.3588 0.06667 0.07315
0 0.07135 0.44954 0.0625 0.07685
0 0.09661 0.16667 0.05365 0.07593
0 0.13958 0.17037 0.03333 0.05185
0 0.16354 0.2213 0.03438 0.06296
0 0.03151 0.17315 0.05573 0.07778
