0 0.39349 0.69398 0.04531 0.08611
0 0.50182 0.68611 0.04427 0.09074
0 0.52187 0.83889 0.04271 0.07593
0 0.61354 0.67731 0.03438 0.07315
0 0.69219 0.87222 0.05208 0.09259
0 0.50495 0.5713 0.04219 0.0537
0 0.49531 0.43981 0.02396 0.05185
0 0.55078 0.43472 0.0349 0.08241
0 0.66068 0.45185 0.04115 0.0537
0 0.60807 0.30324 0.03594 0.05278
0 0.61589 0.24769 0.02865 0.05648
0 0.53464 0.22315 0.02448 0.06296
0 0.69427 0.25417 0.03646 0.06389
0 0.68385 0.19074 0.03229 0.05926
0 0.62135 0.1463 0.03438 0.07593
0 0.65573 0.09861 0.03229 0.08426
0 0.60547 0.08889 0.02865 0.07963
1 0.57396 0.12593 0.03958 0.1037
1 0.52865 0.32037 0.04792 0.1
1 0.57474 0.25926 0.04531 0.1
1 0.66484 0.33519 0.05156 0.09815
1 0.59792 0.46296 0.05729 0.1
2 0.59297 0.36296 0.0526 0.09259
0 0.35911 0.35278 0.04427 0.06481
0 0.40911 0.3037 0.03802 0.06852
1 0.18698 0.33889 0.07604 0.09815
1 0.26953 0.2838 0.06823 0.10648
1 0.20547 0.12778 0.0599 0.0963
0 0.07812 0.13843 0.06146 0.08796
0 0.03151 0.20694 0.06302 0.09352
0 0.10443 0.47269 0.05885 0.06759
0 0.05286 0.43796 0.05677 0.05741
0 0.02786 0.5213 0.05573 0.05741
0 0.06198 0.57222 0.07604 0.0537
0 0.08542 0.67454 0.08021 0.06389
0 0.11042 0.79444 0.07812 0.05741
0 0.04036 0.79306 0.0776 0.05833
0 0.75703 0.1338 0.03177 0.05833
0 0.79948 0.10417 0.03229 0.06019
0 0.8125 0.04861 0.03542 0.05648
0 0.3 0.1125 0.03229 0.06389
