1 0.18542 0.33981 0.07708 0.09815
1 0.26901 0.28611 0.0651 0.10556
1 0.20391 0.12639 0.06094 0.09537
0 0.30078 0.11111 0.02865 0.05926
0 0.35391 0.34954 0.04219 0.06574
0 0.40599 0.30046 0.03698 0.06759
0 0.39219 0.68981 0.04896 0.09444
0 0.50156 0.68889 0.04896 0.09259
0 0.51979 0.8338 0.04583 0.08056
0 0.50495 0.57407 0.03802 0.04815
0 0.61536 0.68102 0.04219 0.07685
0 0.69297 0.86991 0.05156 0.09167
0 0.49505 0.43889 0.02865 0.05185
0 0.55026 0.43472 0.0401 0.0787
1 0.59896 0.46389 0.05625 0.1037
0 0.65885 0.45185 0.04271 0.05926
2 0.59193 0.36111 0.05052 0.08889
1 0.52969 0.3213 0.04792 0.09259
1 0.57188 0.25926 0.04896 0.1037
0 0.53255 0.22083 0.0276 0.06204
1 0.6638 0.33519 0.0526 0.1
0 0.60729 0.3 0.03854 0.05185
0 0.61172 0.2463 0.0276 0.06111
0 0.68411 0.19259 0.02969 0.06111
0 0.69375 0.25231 0.04479 0.06204
0 0.62005 0.1463 0.0349 0.07963
0 0.60365 0.08981 0.02604 0.07963
0 0.65521 0.09954 0.03021 0.08426
0 0.75651 0.12963 0.03281 0.05741
0 0.80052 0.10278 0.03229 0.06296
0 0.80937 0.04954 0.04063 0.05093
1 0.5724 0.12222 0.04375 0.1037
0 0.10547 0.46852 0.06302 0.06296
0 0.05208 0.43657 0.0625 0.05093
0 0.02839 0.52407 0.05677 0.05
0 0.06042 0.57037 0.08542 0.05556
0 0.08281 0.675 0.07917 0.06296
0 0.01719 0.66481 0.03438 0.03704
0 0.0388 0.79074 0.0776 0.05185
0 0.10859 0.79444 0.07448 0.05556
0 0.03073 0.20648 0.06146 0.08704
0 0.0763 0.13657 0.05781 0.08611
