0 0.08281 0.37269 0.06979 0.07685
0 0.13568 0.36667 0.06198 0.07778
0 0.20859 0.34954 0.0474 0.06574
0 0.15964 0.30324 0.05885 0.0713
0 0.11198 0.26204 0.05312 0.07037
0 0.19974 0.26296 0.04844 0.07037
0 0.26823 0.23796 0.03229 0.06296
0 0.26849 0.38333 0.0401 0.05556
0 0.29714 0.17778 0.0349 0.06111
0 0.25703 0.18611 0.03281 0.05
0 0.22083 0.16019 0.03646 0.06111
0 0.18542 0.08194 0.03958 0.06204
0 0.2638 0.07176 0.02656 0.07685
0 0.28802 0.11157 0.02917 0.06204
0 0.32031 0.11157 0.03125 0.05833
0 0.36068 0.10046 0.03177 0.06389
0 0.36198 0.04583 0.02396 0.04907
0 0.32734 0.06528 0.03073 0.06389
0 0.29115 0.04537 0.03021 0.04815
0 0.07135 0.16389 0.04479 0.06296
0 0.05599 0.21157 0.0474 0.05833
1 0.02396 0.15231 0.04792 0.06759
1 0.15052 0.15139 0.06875 0.08611
1 0.12604 0.08889 0.05417 0.05556
1 0.09219 0.05046 0.05521 0.05463
0 0.02057 0.06343 0.04115 0.05833
0 0.34063 0.67731 0.04271 0.06574
0 0.36224 0.45231 0.03698 0.06759
0 0.39661 0.59444 0.04948 0.07407
0 0.45312 0.54352 0.02917 0.05556
0 0.44505 0.77546 0.0474 0.06204
0 0.49479 0.2537 0.03021 0.06667
0 0.54453 0.28241 0.03281 0.06852
1 0.43307 0.09954 0.0401 0.09722
1 0.48906 0.13704 0.04063 0.10185
0 0.59453 0.05972 0.02552 0.06389
1 0.60599 0.44676 0.05156 0.09907
1 0.55547 0.63981 0.06927 0.10741
2 0.62604 0.58333 0.05208 0.09259
1 0.71823 0.71667 0.08646 0.12037
1 0.68568 0.48796 0.06615 0.0963
1 0.79714 0.40139 0.07656 0.10463
0 0.54896 0.54815 0.04479 0.06852
0 0.51927 0.46389 0.03021 0.05741
0 0.68932 0.40787 0.03802 0.06019
0 0.74375 0.57083 0.04479 0.05463
0 0.68828 0.58565 0.04844 0.07315
0 0.62083 0.76481 0.04688 0.08333
0 0.82734 0.74167 0.0776 0.08519
0 0.87396 0.68611 0.06979 0.06852
0 0.8375 0.51065 0.07083 0.075
0 0.87083 0.43565 0.06771 0.07315
0 0.93307 0.55463 0.0849 0.07778
0 0.03802 0.1162 0.03542 0.03426
