0 0.56068 0.63611 0.12865 0.23333
1 0.66224 0.44676 0.0849 0.16574
1 0.79583 0.22454 0.04271 0.0713
1 0.82995 0.53981 0.14115 0.17963
2 0.7125 0.62361 0.11146 0.19722
0 0.56719 0.50417 0.06563 0.0713
0 0.53203 0.46111 0.0474 0.09074
0 0.42057 0.51389 0.04844 0.08704
0 0.3276 0.52222 0.06458 0.12963
0 0.34844 0.40833 0.04792 0.09815
0 0.20391 0.60602 0.08385 0.11574
0 0.28828 0.82407 0.10156 0.16852
0 0.29115 0.3537 0.0375 0.07593
0 0.25052 0.30417 0.03958 0.08796
0 0.18411 0.28519 0.04427 0.09074
0 0.15156 0.29167 0.04063 0.09074
1 0.12031 0.24167 0.04896 0.06111
0 0.04635 0.27917 0.04792 0.07685
0 0.22708 0.26944 0.02917 0.07407
0 0.27943 0.27917 0.02969 0.075
0 0.33411 0.28519 0.01927 0.06111
0 0.53385 0.31204 0.03125 0.07593
0 0.5849 0.33796 0.03646 0.07963
1 0.54141 0.24398 0.03802 0.06019
1 0.49661 0.23935 0.03385 0.07685
1 0.58984 0.2088 0.03177 0.075
0 0.43724 0.23611 0.01927 0.04259
0 0.41849 0.22731 0.01823 0.04722
0 0.37422 0.2625 0.02552 0.06019
0 0.37708 0.22731 0.02396 0.04537
0 0.32031 0.23935 0.02292 0.03426
1 0.27656 0.21435 0.03958 0.05093
1 0.19635 0.21481 0.0375 0.0463
0 0.15078 0.225 0.02448 0.04074
0 0.22318 0.21713 0.0151 0.025
0 0.85078 0.70972 0.12135 0.16759
0 0.68672 0.22593 0.02344 0.05556
0 0.64453 0.24815 0.0224 0.05
1 0.93464 0.89769 0.09427 0.08426
0 0.95208 0.77083 0.05625 0.09722
1 0.96458 0.49352 0.04479 0.15556
0 0.70104 0.95139 0.05937 0.05093
0 0.8625 0.24444 0.02604 0.04444
0 0.71589 0.23611 0.01823 0.0463
0 0.82057 0.22037 0.0224 0.04259
0 0.40443 0.23241 0.01719 0.05741
0 0.39505 0.20185 0.01198 0.02222
0 0.44688 0.22222 0.01354 0.0463
0 0.37448 0.20278 0.01146 0.01481
0 0.34453 0.26852 0.01823 0.05185
