0 0.05312 0.12454 0.05729 0.0787
0 0.11667 0.12037 0.04167 0.07963
0 0.15833 0.13287 0.03438 0.05648
0 0.17969 0.18194 0.03333 0.06019
0 0.13177 0.32639 0.05521 0.07685
0 0.09948 0.42315 0.05521 0.07037
1 0.15807 0.45139 0.0901 0.09167
0 0.18411 0.37963 0.05573 0.06667
0 0.2349 0.27315 0.03646 0.05926
0 0.28255 0.25648 0.03281 0.06667
0 0.27708 0.36296 0.02604 0.03333
1 0.30573 0.41019 0.0625 0.09815
0 0.33802 0.36157 0.03646 0.0713
1 0.35286 0.2838 0.04844 0.09537
1 0.37188 0.45972 0.06042 0.10093
0 0.26276 0.52593 0.0526 0.06481
0 0.37865 0.74954 0.05417 0.09537
0 0.4474 0.84861 0.05625 0.10463
2 0.38698 0.36065 0.05417 0.08981
0 0.42161 0.27917 0.02552 0.075
1 0.45651 0.32731 0.05469 0.10278
0 0.44635 0.40648 0.04271 0.07593
0 0.4599 0.49676 0.03438 0.06389
0 0.54245 0.30046 0.04115 0.06389
0 0.53307 0.44306 0.03385 0.07315
0 0.58047 0.41343 0.04531 0.075
0 0.62708 0.375 0.03646 0.08704
0 0.5862 0.23426 0.03177 0.06481
0 0.65156 0.25741 0.03854 0.07037
0 0.76953 0.71296 0.06198 0.07037
0 0.63542 0.56713 0.06875 0.08981
0 0.86823 0.76481 0.09896 0.10556
0 0.94401 0.71435 0.07865 0.10278
0 0.95417 0.86204 0.05625 0.10185
