1 0.25859 0.59398 0.08073 0.10278
1 0.38672 0.43796 0.05885 0.10185
0 0.31693 0.46296 0.0349 0.05741
2 0.35365 0.57315 0.06042 0.09815
0 0.30521 0.67685 0.04688 0.07963
1 0.32344 0.75833 0.08333 0.14815
0 0.15104 0.73981 0.06771 0.06296
1 0.41771 0.65046 0.06875 0.12685
0 0.42266 0.50833 0.03906 0.07593
0 0.47891 0.5338 0.02969 0.06389
0 0.48984 0.41065 0.03177 0.06019
0 0.41901 0.31574 0.02865 0.06481
0 0.40026 0.22778 0.02656 0.06852
0 0.45339 0.17037 0.02448 0.06296
0 0.5 0.33796 0.03438 0.07222
0 0.5 0.26528 0.025 0.06019
0 0.58229 0.36157 0.03958 0.0713
0 0.57656 0.76852 0.05208 0.09074
0 0.64505 0.70602 0.04948 0.08426
0 0.67344 0.30463 0.03438 0.06296
0 0.71094 0.24074 0.04167 0.07222
0 0.71536 0.16574 0.04115 0.07407
0 0.74479 0.12824 0.03021 0.06204
0 0.75781 0.20787 0.04479 0.08056
0 0.78958 0.27083 0.04896 0.06759
0 0.80885 0.18472 0.04375 0.075
0 0.78542 0.36528 0.04792 0.05463
0 0.83932 0.44074 0.05365 0.06667
0 0.83932 0.3787 0.05052 0.05
0 0.88802 0.3412 0.05417 0.05833
1 0.79974 0.87685 0.1151 0.12593
1 0.89349 0.80602 0.12656 0.13611
0 0.92083 0.63472 0.07708 0.06389
0 0.90859 0.52778 0.06406 0.06481
0 0.93099 0.4625 0.06198 0.05093
1 0.90703 0.25417 0.07448 0.09722
1 0.96042 0.25278 0.04063 0.09259
1 0.85 0.06806 0.05833 0.09722
