0 0.36224 0.7787 0.06302 0.11296
0 0.44635 0.90139 0.06667 0.14167
0 0.64531 0.55787 0.05312 0.08796
0 0.81589 0.71065 0.0849 0.08426
0 0.93385 0.75046 0.09896 0.11759
0 0.58516 0.41204 0.03906 0.07778
0 0.62813 0.36944 0.03229 0.07037
0 0.64844 0.26019 0.03229 0.06296
0 0.575 0.24306 0.03125 0.06389
0 0.53958 0.30741 0.03125 0.06481
0 0.53438 0.43519 0.03542 0.07407
0 0.45651 0.49213 0.04427 0.06574
0 0.4375 0.40139 0.03646 0.07315
1 0.45156 0.32917 0.05104 0.10648
0 0.41615 0.28889 0.02292 0.06852
2 0.37917 0.36898 0.05625 0.10278
1 0.34219 0.30139 0.04479 0.09167
1 0.35729 0.45556 0.06042 0.10185
1 0.29297 0.41435 0.0651 0.10648
0 0.32812 0.37222 0.03958 0.07222
0 0.27161 0.27685 0.03073 0.06296
0 0.25755 0.37454 0.02448 0.04167
0 0.2362 0.53935 0.05365 0.06204
1 0.12214 0.45926 0.11302 0.1
0 0.06042 0.42731 0.05 0.05648
0 0.10677 0.35185 0.06042 0.08148
0 0.16146 0.3963 0.06042 0.07593
0 0.22448 0.30046 0.03542 0.06019
0 0.17188 0.22222 0.03125 0.05926
0 0.15052 0.18009 0.02708 0.03981
0 0.10964 0.17315 0.04948 0.07407
0 0.04714 0.18056 0.04531 0.07407
