0 0.13047 0.6537 0.08281 0.08519
0 0.07109 0.56667 0.08385 0.07222
0 0.04453 0.66944 0.08906 0.08704
0 0.04505 0.76759 0.0901 0.09815
0 0.35781 0.58426 0.04896 0.08889
0 0.22161 0.6125 0.06198 0.075
0 0.43854 0.66667 0.05417 0.09259
0 0.41589 0.81111 0.04115 0.07963
0 0.54531 0.76296 0.04583 0.07407
0 0.47656 0.56435 0.0375 0.06389
0 0.50677 0.44352 0.03125 0.05741
0 0.55443 0.4838 0.03594 0.08241
1 0.59505 0.55324 0.06615 0.11759
0 0.66823 0.5963 0.0375 0.05926
1 0.7151 0.48611 0.07708 0.10556
2 0.6224 0.45231 0.05521 0.08981
0 0.66328 0.41019 0.04219 0.07593
1 0.64141 0.34167 0.05781 0.09259
1 0.57057 0.35787 0.05573 0.09537
1 0.68385 0.20648 0.05417 0.11111
0 0.61198 0.27778 0.03021 0.06296
0 0.69297 0.36157 0.03698 0.05463
0 0.7862 0.42269 0.04531 0.05463
0 0.78906 0.35417 0.04792 0.06759
0 0.73307 0.26019 0.03906 0.07222
0 0.73307 0.18981 0.04531 0.07778
0 0.79245 0.23657 0.04948 0.09537
0 0.91693 0.35139 0.05156 0.05093
0 0.05078 0.43287 0.06406 0.06204
0 0.12318 0.42083 0.05781 0.05833
0 0.15495 0.46759 0.06094 0.05741
0 0.16562 0.36806 0.05208 0.06019
0 0.12161 0.3037 0.04844 0.06852
0 0.07187 0.2838 0.05625 0.06944
0 0.09922 0.22778 0.05365 0.05741
0 0.15964 0.22685 0.04844 0.05556
0 0.17188 0.27963 0.05625 0.06111
0 0.21849 0.23009 0.0474 0.06019
0 0.19323 0.18611 0.03542 0.04259
1 0.29531 0.17824 0.04792 0.10093
1 0.36823 0.17593 0.04896 0.0963
0 0.43776 0.04583 0.02865 0.06019
0 0.41406 0.2787 0.03333 0.06667
0 0.46927 0.26806 0.03333 0.0713
1 0.36224 0.04352 0.04219 0.04815
