0 0.20339 0.78704 0.06823 0.06481
0 0.2987 0.87778 0.05677 0.07407
0 0.3901 0.72315 0.05 0.06481
0 0.31901 0.57685 0.04635 0.06111
0 0.38411 0.53194 0.0474 0.06759
0 0.38229 0.39213 0.03854 0.06944
0 0.44349 0.51852 0.03594 0.05926
0 0.52187 0.48009 0.03333 0.06389
0 0.53333 0.57269 0.04688 0.08426
1 0.51641 0.66944 0.06927 0.11667
1 0.60911 0.51019 0.06094 0.11481
1 0.67083 0.85463 0.09062 0.15556
1 0.68854 0.60648 0.08229 0.11481
1 0.84271 0.57685 0.10521 0.11481
0 0.86745 0.72824 0.09948 0.09352
0 0.93229 0.67269 0.09792 0.08611
0 0.95521 0.84722 0.05208 0.09444
0 0.74818 0.72778 0.05885 0.07222
0 0.67057 0.70139 0.06302 0.10278
0 0.55937 0.82778 0.04375 0.10556
2 0.60182 0.66204 0.06719 0.11296
0 0.54115 0.26389 0.03958 0.07222
0 0.58437 0.3125 0.04167 0.07315
1 0.5112 0.09398 0.04219 0.10463
1 0.55807 0.14861 0.04323 0.10093
0 0.6849 0.11944 0.03438 0.07778
1 0.62943 0.04398 0.04115 0.05833
0 0.75651 0.04954 0.03281 0.06389
0 0.78828 0.05926 0.03594 0.07037
0 0.31927 0.2912 0.04063 0.06944
0 0.27318 0.23287 0.04115 0.0787
0 0.21771 0.22407 0.05521 0.08333
0 0.17422 0.19907 0.04427 0.07593
0 0.21719 0.12593 0.03958 0.05556
0 0.24661 0.17963 0.04219 0.07222
0 0.28724 0.16019 0.03698 0.07593
0 0.34479 0.16296 0.03125 0.06111
0 0.34297 0.11204 0.02865 0.06296
0 0.31823 0.07731 0.02292 0.06389
0 0.37786 0.11343 0.02552 0.05648
0 0.41016 0.06806 0.03073 0.06389
0 0.44766 0.06898 0.02448 0.06389
0 0.38021 0.05278 0.03125 0.05926
1 0.27031 0.06019 0.04792 0.08519
1 0.11276 0.08426 0.06094 0.10185
0 0.06224 0.14769 0.06719 0.08426
0 0.02057 0.19491 0.04115 0.06574
0 0.18724 0.0662 0.03594 0.05648
0 0.20859 0.03981 0.03281 0.04444
1 0.1737 0.03009 0.03802 0.01944
0 0.13281 0.03657 0.02708 0.03611
1 0.88594 0.06528 0.0625 0.08796
