1 0.29271 0.39444 0.10208 0.2
1 0.22057 0.38472 0.08802 0.175
0 0.08203 0.40694 0.07552 0.12685
0 0.03958 0.36019 0.03333 0.07407
0 0.15651 0.33843 0.03802 0.06204
0 0.06094 0.51157 0.09896 0.15278
0 0.79896 0.52083 0.12187 0.22315
0 0.62578 0.41389 0.05573 0.12778
0 0.6763 0.41667 0.03385 0.08333
0 0.67266 0.3625 0.0401 0.03796
0 0.5875 0.36991 0.03125 0.0787
0 0.55026 0.37083 0.03073 0.04167
0 0.55625 0.43981 0.04375 0.1
0 0.43568 0.46065 0.05781 0.13056
2 0.3599 0.37685 0.06667 0.16296
0 0.42422 0.36806 0.0474 0.08241
1 0.44844 0.34352 0.05417 0.12593
0 0.09844 0.32824 0.02813 0.05833
0 0.9487 0.34352 0.0349 0.06296
