0 0.38776 0.76296 0.05469 0.09444
0 0.46172 0.86111 0.05573 0.1037
0 0.63464 0.55 0.04115 0.07222
0 0.77552 0.68472 0.06146 0.0713
0 0.87474 0.71852 0.09115 0.09444
0 0.94714 0.65926 0.07031 0.09444
0 0.95781 0.79167 0.04792 0.08148
0 0.58021 0.40833 0.0375 0.06481
0 0.6224 0.35972 0.03646 0.06389
0 0.64089 0.24352 0.02969 0.05926
0 0.57266 0.22685 0.03281 0.05741
0 0.53385 0.29676 0.03125 0.05463
0 0.53099 0.43796 0.02865 0.06296
0 0.46016 0.5 0.03698 0.05741
0 0.44219 0.40972 0.03958 0.06944
1 0.4513 0.33194 0.0526 0.09722
1 0.34245 0.29815 0.04948 0.09815
1 0.29766 0.4287 0.06198 0.0963
1 0.36979 0.47083 0.05937 0.10093
2 0.37969 0.36991 0.04583 0.08981
0 0.41589 0.2875 0.02344 0.06574
0 0.33073 0.3787 0.0375 0.07037
0 0.27005 0.27917 0.03698 0.0713
0 0.25807 0.54954 0.04948 0.0713
1 0.15078 0.48981 0.09844 0.10185
0 0.1724 0.40694 0.06667 0.07685
0 0.1112 0.36157 0.06823 0.075
0 0.08307 0.46157 0.06094 0.06389
0 0.15729 0.21343 0.03542 0.06389
0 0.21797 0.29815 0.03594 0.05741
0 0.26589 0.3838 0.02656 0.03796
0 0.13255 0.16528 0.0401 0.05648
0 0.08958 0.15926 0.05521 0.08333
0 0.02578 0.16667 0.05156 0.06852
