2 0.14167 0.4287 0.10312 0.15556
2 0.26979 0.29537 0.06771 0.13519
2 0.47109 0.58009 0.09115 0.17315
2 0.40703 0.39537 0.06823 0.15185
2 0.49115 0.30648 0.05729 0.13519
2 0.55052 0.39676 0.07292 0.14907
2 0.65755 0.53704 0.0901 0.17407
0 0.30521 0.20231 0.04167 0.09722
0 0.05521 0.27361 0.07187 0.11574
0 0.75443 0.46296 0.02969 0.06667
0 0.80391 0.48287 0.03594 0.06574
0 0.84792 0.51157 0.03958 0.06389
0 0.93437 0.63102 0.07187 0.09722
0 0.86641 0.67361 0.06094 0.08796
3 0.07109 0.6162 0.14219 0.18426
0 0.38854 0.19722 0.02396 0.07593
