0 0.26224 0.45556 0.03906 0.0537
0 0.27187 0.33611 0.03438 0.05926
0 0.37292 0.34259 0.03021 0.05741
0 0.34219 0.48472 0.03438 0.05278
0 0.41667 0.38565 0.03333 0.06759
0 0.44922 0.44769 0.03073 0.05648
0 0.50938 0.52269 0.02396 0.05833
0 0.47917 0.30324 0.03021 0.0713
0 0.49531 0.18519 0.02083 0.06296
0 0.56693 0.12361 0.02344 0.05463
0 0.49219 0.1088 0.025 0.07315
0 0.46563 0.05648 0.02604 0.07778
0 0.49896 0.05417 0.02396 0.06574
0 0.5362 0.06944 0.0224 0.07593
0 0.59531 0.09583 0.01771 0.05278
0 0.59635 0.04907 0.02083 0.05556
0 0.61745 0.12222 0.02031 0.06296
0 0.65391 0.07778 0.0224 0.05926
0 0.66667 0.11759 0.02396 0.06111
0 0.70052 0.16065 0.02813 0.06019
0 0.73255 0.13472 0.02552 0.06204
0 0.70495 0.09954 0.02448 0.06019
0 0.70339 0.04722 0.02135 0.05741
0 0.65182 0.41574 0.03281 0.07037
0 0.65521 0.51759 0.03958 0.06852
0 0.4651 0.59352 0.04375 0.07407
1 0.40859 0.60694 0.05677 0.11574
1 0.54427 0.67037 0.06458 0.11852
0 0.36068 0.7588 0.04323 0.06389
0 0.48385 0.89676 0.04896 0.11019
1 0.39818 0.93472 0.07656 0.08796
1 0.5487 0.88519 0.07031 0.15741
0 0.63958 0.90648 0.04583 0.07222
2 0.46146 0.75231 0.06042 0.11389
1 0.74375 0.25046 0.05833 0.09352
1 0.74948 0.35556 0.0625 0.0963
1 0.93802 0.3713 0.08646 0.1
0 0.93984 0.55417 0.07031 0.06759
