2 0.43281 0.72037 0.08438 0.14074
2 0.42943 0.4412 0.08177 0.14907
2 0.67396 0.54213 0.08646 0.13981
2 0.5474 0.21667 0.07917 0.14815
1 0.4276 0.17037 0.08542 0.1537
1 0.55781 0.44167 0.08542 0.14815
0 0.5099 0.57546 0.03646 0.09352
0 0.60286 0.68148 0.0599 0.1037
0 0.63516 0.89583 0.06198 0.10833
0 0.51354 0.93426 0.03854 0.06481
0 0.89349 0.51111 0.07031 0.10556
0 0.80104 0.25139 0.0625 0.10093
0 0.82734 0.09306 0.06823 0.10463
1 0.8875 0.325 0.09688 0.1463
1 0.73724 0.85694 0.08802 0.14167
0 0.88568 0.19722 0.06094 0.08519
