1 0.3974 0.5838 0.06146 0.10833
1 0.35339 0.90694 0.08177 0.11944
1 0.5237 0.68194 0.07135 0.11944
1 0.50703 0.89306 0.07031 0.16019
0 0.44453 0.88704 0.05365 0.10185
0 0.60234 0.94444 0.0474 0.06481
2 0.43724 0.74028 0.0651 0.11204
0 0.33854 0.71435 0.04792 0.06204
0 0.45365 0.58194 0.04375 0.06944
0 0.50495 0.52824 0.02865 0.06389
0 0.45391 0.4338 0.03594 0.05648
0 0.42891 0.36944 0.03802 0.06852
0 0.49714 0.3 0.03906 0.07037
0 0.38906 0.31713 0.03438 0.075
0 0.34792 0.45093 0.03438 0.06481
0 0.27943 0.40278 0.0401 0.05926
0 0.29818 0.2912 0.03281 0.0713
0 0.66042 0.45278 0.04375 0.06667
0 0.65677 0.55972 0.04271 0.08056
1 0.77604 0.4162 0.08229 0.10463
1 0.77474 0.3037 0.0724 0.1
1 0.95625 0.48102 0.05417 0.08981
0 0.95651 0.68287 0.05469 0.0713
0 0.52604 0.18889 0.02292 0.06111
0 0.52734 0.10926 0.02865 0.07593
0 0.50469 0.06157 0.02813 0.06389
0 0.5401 0.06111 0.02813 0.06296
0 0.57682 0.08009 0.0276 0.07315
0 0.60443 0.14259 0.02344 0.05926
0 0.63359 0.11574 0.02344 0.05741
0 0.64089 0.06296 0.02552 0.05556
0 0.65312 0.14722 0.025 0.06296
0 0.70625 0.15185 0.02917 0.06296
0 0.69609 0.10833 0.0276 0.06111
0 0.72031 0.06389 0.03021 0.05741
0 0.7526 0.0838 0.03021 0.06574
0 0.74948 0.14306 0.03229 0.06389
0 0.7401 0.2037 0.03438 0.05926
0 0.77734 0.18287 0.03698 0.06204
