0 0.26302 0.66296 0.09167 0.14815
0 0.44792 0.73056 0.08646 0.15556
0 0.70182 0.82639 0.08802 0.16574
0 0.48828 0.57407 0.05677 0.1037
0 0.50521 0.42963 0.03958 0.09074
0 0.58229 0.42685 0.05729 0.12593
1 0.56328 0.32593 0.05781 0.12778
1 0.65964 0.46204 0.08698 0.17037
1 0.75625 0.39769 0.08125 0.14722
0 0.76615 0.5088 0.07187 0.09352
0 0.76953 0.30694 0.0276 0.06574
0 0.7237 0.25139 0.03177 0.075
0 0.68542 0.27176 0.03333 0.0787
0 0.66563 0.2338 0.03125 0.07315
1 0.62917 0.22639 0.04583 0.06944
1 0.62656 0.3125 0.05417 0.10648
2 0.65729 0.34583 0.06563 0.0787
0 0.86406 0.28611 0.03229 0.07778
0 0.91979 0.26204 0.04271 0.09444
0 0.79453 0.32454 0.0474 0.03426
0 0.36667 0.325 0.0375 0.08519
0 0.43151 0.30926 0.0349 0.07222
1 0.44948 0.1537 0.02083 0.06481
1 0.30417 0.27593 0.05625 0.10185
1 0.21563 0.28657 0.05833 0.10648
1 0.30234 0.1875 0.03385 0.06759
0 0.38177 0.2162 0.02708 0.05648
0 0.40443 0.17546 0.0151 0.03611
0 0.38281 0.17176 0.01875 0.03241
0 0.21328 0.19028 0.03073 0.06204
0 0.16068 0.20926 0.03802 0.07222
0 0.37891 0.14259 0.0099 0.01852
0 0.42995 0.13611 0.0151 0.04444
0 0.08906 0.3412 0.06354 0.08241
0 0.06615 0.2912 0.03646 0.03611
