1 0.14844 0.40324 0.14479 0.25648
1 0.04271 0.33472 0.08542 0.23981
1 0.14922 0.18102 0.11719 0.21759
2 0.27422 0.24259 0.11615 0.2463
2 0.37396 0.45787 0.13542 0.2787
1 0.42682 0.27315 0.11927 0.23333
0 0.51797 0.38796 0.07448 0.1537
2 0.63073 0.53194 0.1375 0.27685
0 0.61302 0.2713 0.07708 0.17407
0 0.83906 0.46991 0.08854 0.16944
0 0.76745 0.25972 0.08385 0.18426
1 0.73255 0.16296 0.09115 0.2037
2 0.52786 0.15231 0.08594 0.2213
0 0.39453 0.07824 0.05885 0.11759
0 0.32422 0.06065 0.0526 0.08611
0 0.0263 0.09167 0.0526 0.13704
1 0.16562 0.09861 0.09896 0.15833
