1 0.21302 0.47037 0.10417 0.14444
1 0.31901 0.47731 0.08385 0.15463
1 0.28594 0.35833 0.05312 0.10185
2 0.33854 0.37037 0.05312 0.0963
0 0.37682 0.3338 0.02448 0.08981
0 0.41719 0.40787 0.04167 0.10648
1 0.42057 0.32824 0.05573 0.08611
0 0.45234 0.49028 0.04219 0.09352
0 0.11302 0.39815 0.05104 0.08333
0 0.19115 0.36296 0.04167 0.07037
0 0.11042 0.6662 0.1 0.10833
0 0.0224 0.52361 0.04479 0.10463
0 0.04453 0.34537 0.0474 0.07222
0 0.01667 0.30231 0.03333 0.03426
0 0.26432 0.41713 0.03906 0.08056
0 0.52917 0.42315 0.03021 0.09074
0 0.50859 0.32731 0.02865 0.06944
0 0.53151 0.2787 0.0224 0.06296
0 0.59453 0.2838 0.02552 0.0713
0 0.575 0.38935 0.04375 0.10833
0 0.60573 0.3537 0.02604 0.07593
0 0.67604 0.48657 0.06042 0.11944
0 0.88542 0.56898 0.09062 0.11759
0 0.87266 0.24861 0.0349 0.08796
0 0.89896 0.2537 0.04479 0.08148
0 0.77474 0.20648 0.02135 0.04815
0 0.35833 0.88843 0.11563 0.16574
