0 0.39427 0.77222 0.05312 0.0963
0 0.47057 0.86435 0.05469 0.11389
0 0.25417 0.56481 0.05104 0.07037
1 0.13932 0.50972 0.10781 0.09907
1 0.2987 0.43981 0.06615 0.09815
1 0.33516 0.30324 0.04844 0.09352
1 0.36797 0.48148 0.06198 0.10185
1 0.44792 0.3338 0.05 0.10463
0 0.41172 0.2912 0.02969 0.06759
2 0.37786 0.37685 0.05156 0.09259
0 0.32292 0.38843 0.04063 0.06204
0 0.45807 0.49954 0.03281 0.05648
0 0.44141 0.41343 0.04115 0.07685
0 0.53021 0.43657 0.02708 0.06574
0 0.53073 0.29722 0.03021 0.06111
0 0.57708 0.40046 0.0375 0.07315
0 0.61771 0.35231 0.03021 0.06759
0 0.5651 0.22639 0.03438 0.06574
0 0.63255 0.24167 0.03594 0.07037
0 0.63411 0.54167 0.04531 0.08333
0 0.77448 0.66481 0.06042 0.07407
0 0.87734 0.68796 0.08698 0.09074
0 0.94167 0.62963 0.08333 0.09259
0 0.95755 0.75417 0.04844 0.08241
0 0.95521 0.90417 0.05104 0.06944
0 0.26094 0.39491 0.02917 0.04722
0 0.26354 0.28889 0.03646 0.07222
0 0.20964 0.31111 0.0401 0.0537
0 0.16406 0.42917 0.06667 0.06019
0 0.10182 0.38102 0.0651 0.06944
0 0.07109 0.48611 0.05781 0.07407
0 0.14688 0.23056 0.04063 0.06296
0 0.11641 0.17963 0.04115 0.04815
0 0.0724 0.17269 0.05312 0.07685
0 0.01615 0.19213 0.03229 0.06204
