1 0.31224 0.40556 0.08802 0.17963
1 0.23984 0.39074 0.09115 0.15556
0 0.44167 0.46991 0.05 0.11389
0 0.42969 0.37361 0.04479 0.11759
1 0.45312 0.34352 0.05104 0.13333
0 0.55078 0.43704 0.03281 0.1037
0 0.55104 0.35741 0.03333 0.06296
0 0.58802 0.33657 0.02604 0.06944
0 0.66667 0.40139 0.03229 0.08981
0 0.66536 0.33843 0.02969 0.03611
0 0.75078 0.54815 0.09948 0.18148
0 0.61589 0.41574 0.05156 0.12778
2 0.35703 0.36852 0.07135 0.1463
0 0.1099 0.51759 0.08646 0.12222
0 0.10495 0.39398 0.07135 0.11389
0 0.15729 0.30046 0.03021 0.06574
0 0.19115 0.31481 0.03333 0.07407
0 0.10078 0.29907 0.0349 0.07037
0 0.06406 0.3463 0.03854 0.06111
1 0.0362 0.40602 0.0724 0.15648
0 0.11458 0.74861 0.22917 0.14907
0 0.94349 0.31481 0.03177 0.05926
