2 0.40521 0.70556 0.06563 0.11296
1 0.38672 0.54722 0.05885 0.10556
1 0.49297 0.69167 0.06823 0.12222
1 0.44948 0.88981 0.06979 0.15185
1 0.30833 0.84491 0.07812 0.13796
0 0.39089 0.85694 0.0474 0.11389
0 0.31927 0.64907 0.05833 0.06111
0 0.44062 0.56389 0.04271 0.07593
0 0.49948 0.53287 0.02604 0.06389
0 0.4625 0.425 0.03229 0.05741
0 0.4474 0.34815 0.03646 0.07593
0 0.52057 0.30648 0.03698 0.07593
0 0.41771 0.28981 0.03229 0.05926
0 0.36276 0.39907 0.02969 0.06111
0 0.30885 0.33657 0.03438 0.05833
0 0.3362 0.23889 0.03594 0.06852
0 0.64844 0.62083 0.04896 0.08981
0 0.67109 0.51435 0.04948 0.08426
1 0.80104 0.53194 0.08854 0.12315
1 0.82214 0.4 0.08594 0.1
0 0.56771 0.19815 0.02917 0.05926
0 0.58307 0.12824 0.03906 0.08056
0 0.56432 0.06528 0.0276 0.08426
0 0.59948 0.06991 0.02604 0.07315
0 0.63646 0.10509 0.03125 0.0787
0 0.62396 0.04537 0.03021 0.0537
0 0.65807 0.18148 0.02969 0.06481
0 0.69193 0.16157 0.02865 0.06574
0 0.70807 0.10509 0.03281 0.05648
0 0.70755 0.19491 0.0276 0.0713
0 0.76354 0.22037 0.03854 0.06852
0 0.76302 0.16852 0.03646 0.05926
1 0.69896 0.05 0.03333 0.06296
0 0.76406 0.05093 0.02813 0.05556
0 0.79557 0.12454 0.03281 0.04907
0 0.81484 0.2213 0.04427 0.06667
0 0.79818 0.28704 0.04323 0.05741
0 0.84323 0.275 0.04688 0.05741
0 0.82734 0.16157 0.03594 0.06574
1 0.72552 0.03333 0.025 0.04259
