1 0.39583 0.58704 0.06458 0.11111
1 0.35313 0.91296 0.08021 0.12593
1 0.50573 0.89167 0.06979 0.15185
0 0.44245 0.88889 0.04948 0.10185
2 0.43646 0.73611 0.0625 0.11481
1 0.52266 0.68287 0.06823 0.11944
0 0.45417 0.58056 0.04063 0.07593
0 0.50547 0.52778 0.03073 0.06296
0 0.33828 0.71296 0.04531 0.05741
0 0.34896 0.44398 0.03229 0.05093
0 0.28073 0.39954 0.0375 0.06204
0 0.29948 0.28889 0.03438 0.06852
0 0.39036 0.32037 0.02969 0.06667
0 0.43021 0.36806 0.03958 0.075
0 0.45573 0.4338 0.03125 0.05093
0 0.4974 0.30324 0.03438 0.07685
0 0.66354 0.45602 0.04375 0.0713
0 0.65312 0.55463 0.04063 0.07407
1 0.7737 0.42917 0.07969 0.1287
1 0.7776 0.30602 0.06979 0.10278
0 0.5263 0.18333 0.02448 0.05556
0 0.53125 0.1125 0.03125 0.07315
0 0.50547 0.05833 0.0224 0.07593
0 0.54167 0.06435 0.02396 0.07685
0 0.57812 0.0787 0.02604 0.07963
0 0.60547 0.14583 0.02448 0.06759
0 0.6362 0.11713 0.01927 0.06204
0 0.64141 0.06204 0.02448 0.0537
0 0.65417 0.15093 0.02813 0.07037
0 0.69583 0.1088 0.03021 0.06389
0 0.71953 0.0625 0.03281 0.05833
0 0.75651 0.08519 0.03073 0.06296
0 0.70807 0.15324 0.0276 0.06574
0 0.73932 0.20926 0.03802 0.06111
0 0.74974 0.14722 0.03385 0.06481
0 0.77786 0.18009 0.03073 0.0713
1 0.95781 0.47963 0.04792 0.08333
0 0.95599 0.68657 0.0526 0.07315
0 0.6 0.94306 0.05312 0.06389
