1 0.30208 0.67731 0.075 0.13241
1 0.26458 0.50278 0.07187 0.09259
1 0.39479 0.4037 0.05937 0.10185
1 0.39609 0.6125 0.0651 0.11389
2 0.34766 0.51574 0.06094 0.08704
0 0.29479 0.59444 0.06042 0.06852
0 0.23411 0.69769 0.05781 0.06389
0 0.16016 0.6 0.06302 0.07037
0 0.10651 0.6963 0.07865 0.0537
0 0.31641 0.85 0.05781 0.08333
0 0.33203 0.4037 0.03906 0.06667
0 0.42448 0.48102 0.04688 0.07315
0 0.47161 0.52269 0.03281 0.06574
0 0.50026 0.41157 0.03073 0.06204
0 0.44661 0.29491 0.03698 0.06574
0 0.44062 0.20139 0.02708 0.06204
0 0.49792 0.16435 0.02813 0.0713
0 0.53281 0.26991 0.03229 0.06944
0 0.52083 0.33935 0.03854 0.0713
0 0.60026 0.39259 0.04323 0.07593
0 0.53542 0.80046 0.05312 0.08611
0 0.61615 0.76852 0.05833 0.0963
0 0.70521 0.36991 0.0375 0.06389
0 0.75755 0.31852 0.05156 0.07778
0 0.77786 0.23611 0.04844 0.07407
0 0.8151 0.20741 0.0375 0.06296
0 0.81823 0.29583 0.05937 0.07685
0 0.84583 0.37778 0.06458 0.07037
0 0.88099 0.29259 0.06198 0.07963
0 0.82734 0.47593 0.05677 0.05556
0 0.88828 0.51204 0.06406 0.05185
0 0.87839 0.58009 0.07344 0.06204
0 0.94766 0.4912 0.06615 0.06759
0 0.94453 0.70972 0.07552 0.0713
0 0.94167 0.83611 0.08125 0.09444
