0 0.1974 0.64769 0.05833 0.06019
0 0.32083 0.50741 0.04688 0.06111
0 0.26224 0.76574 0.06094 0.05741
0 0.36172 0.6662 0.04948 0.06389
0 0.38438 0.48426 0.05 0.06667
0 0.4013 0.35463 0.03698 0.07407
0 0.4388 0.49954 0.03177 0.05278
0 0.5224 0.49352 0.03854 0.05556
0 0.52083 0.5912 0.05417 0.08796
1 0.6026 0.55417 0.0625 0.10833
1 0.48177 0.67315 0.07812 0.12407
2 0.57552 0.70231 0.06667 0.11944
0 0.50964 0.84537 0.04115 0.0963
1 0.61693 0.91065 0.07344 0.11759
1 0.67917 0.68611 0.07187 0.11852
0 0.64323 0.78287 0.04896 0.10648
0 0.71901 0.84907 0.05052 0.07593
1 0.85651 0.74167 0.11927 0.14444
0 0.86016 0.90417 0.09531 0.0713
0 0.94089 0.88472 0.08177 0.10648
0 0.61042 0.35278 0.03854 0.06481
0 0.56979 0.28657 0.0375 0.06759
1 0.57031 0.10463 0.03646 0.09444
1 0.6112 0.175 0.04219 0.10741
1 0.70964 0.07315 0.04531 0.10185
0 0.75026 0.17824 0.03281 0.06019
0 0.84792 0.1162 0.04583 0.08611
0 0.71927 0.61667 0.04063 0.06667
0 0.36094 0.24583 0.03229 0.06389
0 0.32786 0.17593 0.03177 0.07963
0 0.34948 0.10694 0.02813 0.07315
0 0.30911 0.1088 0.02656 0.05278
0 0.29453 0.05648 0.0349 0.06296
0 0.24505 0.12454 0.03385 0.08426
0 0.27865 0.15185 0.04063 0.08519
0 0.1651 0.05185 0.04479 0.06667
0 0.3974 0.13009 0.01979 0.05463
0 0.40547 0.08565 0.02865 0.06204
0 0.4362 0.09167 0.0224 0.06296
0 0.4737 0.05324 0.01927 0.06204
0 0.51354 0.06574 0.025 0.06296
0 0.44583 0.03889 0.01979 0.03704
0 0.38516 0.04306 0.02448 0.05278
0 0.35313 0.02963 0.02917 0.03519
0 0.22292 0.03194 0.02708 0.03241
0 0.49635 0.0338 0.01042 0.03426
0 0.52526 0.03611 0.01406 0.02963
