1 0.48672 0.69444 0.06615 0.12778
1 0.38646 0.5412 0.06042 0.11204
1 0.30078 0.82269 0.07448 0.14537
1 0.43932 0.88426 0.0724 0.15
0 0.38333 0.84583 0.05104 0.09907
2 0.4013 0.69352 0.06198 0.10741
0 0.31901 0.63148 0.0526 0.05926
0 0.43984 0.56157 0.04219 0.08056
0 0.49844 0.53102 0.02917 0.06944
0 0.46615 0.42315 0.03125 0.05185
0 0.45234 0.34861 0.04115 0.0787
0 0.53047 0.31435 0.0401 0.0787
0 0.42656 0.29306 0.03542 0.06019
0 0.34714 0.23565 0.03698 0.06389
0 0.31354 0.32731 0.03854 0.05833
0 0.3651 0.39352 0.03229 0.06111
0 0.64687 0.63935 0.04688 0.0787
0 0.67188 0.53148 0.05208 0.07778
1 0.80859 0.55231 0.08698 0.11574
1 0.83255 0.42407 0.09115 0.1037
0 0.80573 0.30324 0.04375 0.06204
0 0.85807 0.29907 0.04844 0.06852
0 0.83281 0.2463 0.04479 0.06296
0 0.84323 0.18287 0.0375 0.05648
0 0.81146 0.15231 0.03646 0.06759
0 0.77161 0.18472 0.04323 0.05648
0 0.77526 0.23657 0.04531 0.05833
0 0.71875 0.21389 0.03646 0.05741
0 0.66641 0.18935 0.03594 0.06019
0 0.57656 0.2088 0.02083 0.05833
0 0.59036 0.13241 0.03073 0.07407
0 0.6125 0.08102 0.02708 0.08056
0 0.64922 0.11528 0.02865 0.0787
0 0.7026 0.17361 0.03021 0.06019
0 0.71901 0.11852 0.03385 0.05741
0 0.6401 0.04769 0.03229 0.05833
0 0.57578 0.07593 0.0349 0.06481
0 0.78229 0.06481 0.03333 0.05741
1 0.70859 0.06111 0.03385 0.07037
1 0.7474 0.04352 0.03438 0.04815
0 0.58099 0.03194 0.03281 0.02685
