0 0.04661 0.74167 0.09323 0.10556
0 0.04557 0.64352 0.09115 0.08519
0 0.13281 0.62778 0.08021 0.08704
0 0.07943 0.54306 0.0849 0.075
0 0.06198 0.41065 0.06667 0.06944
0 0.13255 0.40833 0.05573 0.05741
0 0.16224 0.45139 0.05156 0.05463
0 0.17474 0.35833 0.05156 0.06111
0 0.13151 0.29074 0.05052 0.06481
0 0.08385 0.26481 0.05937 0.07963
0 0.11224 0.21343 0.05365 0.06944
0 0.18542 0.27778 0.05312 0.06852
0 0.16797 0.20972 0.04531 0.07315
0 0.20964 0.17407 0.0349 0.04444
0 0.225 0.22083 0.04375 0.05278
1 0.30547 0.17083 0.05052 0.10463
1 0.37526 0.16852 0.05052 0.10185
1 0.57656 0.36343 0.05417 0.10278
1 0.64505 0.34769 0.05156 0.09537
1 0.69167 0.21204 0.05104 0.10556
1 0.7151 0.50093 0.06979 0.10926
1 0.59297 0.55694 0.06823 0.10093
0 0.56094 0.48611 0.04479 0.06481
2 0.62552 0.45833 0.05208 0.09074
0 0.66589 0.41713 0.04323 0.06944
0 0.69844 0.36898 0.03646 0.05463
0 0.50938 0.44537 0.03333 0.05
0 0.42266 0.27546 0.04219 0.06389
0 0.47656 0.26806 0.04375 0.0787
0 0.44688 0.05185 0.02396 0.06296
0 0.37292 0.03935 0.03229 0.04352
0 0.35365 0.57546 0.05104 0.075
0 0.4401 0.66898 0.04479 0.08796
0 0.47656 0.56528 0.02917 0.06389
0 0.54089 0.77315 0.03802 0.07222
0 0.40964 0.80556 0.03594 0.07963
0 0.22187 0.59722 0.05833 0.05741
0 0.66667 0.60556 0.04375 0.06667
0 0.61849 0.28287 0.0276 0.06204
0 0.78854 0.44444 0.04896 0.06852
0 0.79661 0.37269 0.04844 0.0713
0 0.73932 0.27361 0.04115 0.07685
0 0.74323 0.19907 0.03958 0.07778
0 0.79818 0.25231 0.04948 0.08426
0 0.92344 0.375 0.05833 0.06111
