1 0.16484 0.4787 0.09427 0.1037
0 0.18099 0.39769 0.06198 0.06389
0 0.1263 0.34537 0.06719 0.06852
0 0.10078 0.44769 0.06094 0.06204
0 0.16849 0.19722 0.0401 0.06296
0 0.14115 0.14259 0.04271 0.06111
0 0.09427 0.13102 0.05312 0.08426
0 0.03125 0.13981 0.05625 0.07593
0 0.22682 0.28287 0.0349 0.06019
0 0.275 0.26713 0.03854 0.06574
0 0.27344 0.37546 0.03438 0.03981
0 0.26562 0.53889 0.04479 0.05926
1 0.30781 0.4213 0.06146 0.08704
0 0.33307 0.36944 0.03802 0.06296
1 0.34635 0.28611 0.04583 0.09074
1 0.37344 0.46944 0.05625 0.09444
1 0.4526 0.3287 0.04896 0.09815
0 0.41745 0.28009 0.02344 0.05833
2 0.38464 0.36574 0.05052 0.09074
0 0.44349 0.4088 0.04219 0.06759
0 0.45703 0.49676 0.03698 0.05278
0 0.53724 0.30185 0.03698 0.0537
0 0.53099 0.43935 0.02865 0.06574
0 0.57917 0.41157 0.03958 0.07315
0 0.62214 0.36435 0.03073 0.06204
0 0.57708 0.22361 0.03438 0.06944
0 0.64661 0.24259 0.03385 0.06667
0 0.62656 0.55463 0.04271 0.07407
0 0.38854 0.74815 0.05 0.09259
0 0.4599 0.84491 0.0625 0.10463
0 0.75938 0.69213 0.05729 0.07315
0 0.85417 0.73657 0.09062 0.10278
0 0.93359 0.68611 0.09531 0.09444
0 0.94349 0.82407 0.07656 0.1037
