1 0.1599 0.47639 0.09896 0.09722
1 0.30885 0.41898 0.05833 0.09352
1 0.34766 0.28935 0.04427 0.09352
1 0.3724 0.46667 0.05417 0.10185
1 0.45339 0.32824 0.0474 0.08981
0 0.46172 0.49537 0.03177 0.04815
0 0.53099 0.44167 0.02865 0.06111
0 0.57708 0.41065 0.03958 0.06759
0 0.62682 0.36991 0.03281 0.06204
0 0.5388 0.29352 0.02865 0.06111
0 0.57734 0.22454 0.02865 0.06389
0 0.64687 0.24722 0.0375 0.06667
0 0.62813 0.55324 0.04792 0.08241
0 0.38854 0.74954 0.05208 0.09167
0 0.45885 0.83981 0.05417 0.10185
0 0.44609 0.4088 0.03906 0.06574
0 0.41979 0.27685 0.02396 0.06852
2 0.3849 0.36759 0.05417 0.09444
0 0.33281 0.37083 0.04792 0.07685
0 0.27135 0.38102 0.02396 0.03611
0 0.27604 0.26528 0.03958 0.07315
0 0.22578 0.28519 0.03906 0.05741
0 0.26458 0.54213 0.04583 0.05648
0 0.18203 0.39583 0.0599 0.06574
0 0.1276 0.34769 0.06458 0.06759
0 0.10104 0.44028 0.05833 0.05648
0 0.16979 0.19861 0.03542 0.06574
0 0.14375 0.14259 0.04479 0.05556
0 0.09792 0.13194 0.05 0.08056
0 0.0349 0.14028 0.06563 0.0787
0 0.76146 0.69815 0.06146 0.06667
0 0.85365 0.73981 0.09479 0.10556
0 0.93125 0.69259 0.1 0.1
0 0.94375 0.82778 0.07812 0.11111
