0 0.10208 0.3287 0.06875 0.08704
0 0.15365 0.33287 0.07083 0.0787
0 0.21953 0.31759 0.05573 0.08333
0 0.17266 0.26667 0.05365 0.07222
0 0.21901 0.23333 0.0526 0.07778
0 0.13646 0.22685 0.05521 0.06481
1 0.17474 0.12407 0.07031 0.09259
1 0.15391 0.0588 0.05573 0.06204
1 0.05547 0.11759 0.05781 0.07222
0 0.0862 0.17639 0.04948 0.0713
0 0.09974 0.12269 0.04844 0.0713
0 0.07266 0.08241 0.03594 0.0463
1 0.02005 0.22037 0.0401 0.08148
1 0.01823 0.08009 0.03646 0.06944
0 0.28073 0.2162 0.03542 0.05463
0 0.27604 0.16991 0.03542 0.04907
0 0.24271 0.13935 0.03125 0.06389
0 0.21016 0.05787 0.03698 0.06204
0 0.31146 0.1537 0.03958 0.05556
0 0.30365 0.0875 0.03125 0.05833
0 0.28281 0.04213 0.03333 0.04537
0 0.34063 0.09583 0.02708 0.05278
0 0.34635 0.05509 0.03333 0.06204
0 0.38151 0.08472 0.02656 0.05093
0 0.38021 0.03796 0.03021 0.05
0 0.31797 0.0338 0.02656 0.05278
1 0.45 0.08981 0.04271 0.08889
1 0.50417 0.13657 0.05104 0.10463
0 0.61458 0.06713 0.02604 0.06759
0 0.28281 0.36019 0.04896 0.05741
0 0.50495 0.24861 0.02969 0.06944
0 0.55443 0.28704 0.0401 0.08333
0 0.36484 0.4375 0.04219 0.06759
0 0.32995 0.65231 0.05052 0.08056
0 0.39245 0.58148 0.05781 0.10185
0 0.43125 0.76343 0.04792 0.06944
0 0.44714 0.53426 0.0349 0.06111
0 0.51667 0.4662 0.03333 0.05278
1 0.60365 0.45741 0.05833 0.10741
1 0.54609 0.64815 0.07656 0.12778
1 0.70781 0.74491 0.08854 0.13056
0 0.6125 0.78241 0.06146 0.08333
0 0.5474 0.54954 0.05729 0.08611
2 0.62161 0.6 0.05885 0.0963
0 0.68411 0.61019 0.05781 0.08148
1 0.69063 0.50694 0.07708 0.08981
1 0.80755 0.43148 0.0901 0.10185
0 0.74635 0.59861 0.05312 0.06019
0 0.69349 0.42917 0.03906 0.06389
0 0.84661 0.55 0.07656 0.07593
0 0.88672 0.47407 0.07552 0.07593
0 0.93984 0.60833 0.08594 0.08519
0 0.87865 0.74213 0.07396 0.07315
0 0.82812 0.79167 0.07708 0.09815
