1 0.44948 0.67176 0.15104 0.26204
0 0.4013 0.50556 0.06615 0.13704
1 0.31667 0.47361 0.10417 0.18981
2 0.27448 0.68843 0.15104 0.23981
0 0.16797 0.59676 0.0776 0.13056
0 0.49766 0.51065 0.03802 0.11204
0 0.46146 0.42083 0.0375 0.08796
0 0.45495 0.35139 0.04115 0.06204
0 0.42995 0.34074 0.02552 0.07593
0 0.30755 0.3463 0.03177 0.06667
0 0.34714 0.36389 0.02969 0.03333
0 0.3638 0.31296 0.02135 0.06667
0 0.54297 0.35694 0.03385 0.09352
0 0.78828 0.52083 0.09115 0.125
0 0.78594 0.66111 0.12083 0.16296
0 0.59089 0.31481 0.02031 0.05
0 0.60026 0.26389 0.02448 0.06111
0 0.58333 0.2375 0.02292 0.06944
0 0.61745 0.24722 0.0224 0.06667
0 0.63568 0.24352 0.01719 0.06852
0 0.65521 0.27917 0.03021 0.0787
0 0.68151 0.31111 0.0276 0.06111
0 0.65938 0.23704 0.02708 0.03148
0 0.68229 0.23796 0.01771 0.04074
1 0.70677 0.24722 0.02708 0.07593
1 0.73333 0.24074 0.02708 0.06296
1 0.75391 0.23796 0.0276 0.05926
0 0.71693 0.30972 0.02656 0.06019
0 0.74505 0.31713 0.02969 0.06759
0 0.79714 0.29722 0.03177 0.07037
0 0.76979 0.2625 0.02292 0.04907
0 0.82188 0.31852 0.03438 0.07222
0 0.82578 0.27037 0.03073 0.03519
0 0.8737 0.28935 0.03281 0.06389
0 0.88255 0.36574 0.05573 0.07963
0 0.88984 0.31065 0.02969 0.04352
0 0.94557 0.35463 0.05052 0.08333
1 0.95391 0.44444 0.05365 0.1537
