1 0.53516 0.44398 0.07865 0.14907
1 0.4849 0.28287 0.0625 0.1287
1 0.53255 0.2412 0.04948 0.11759
1 0.61016 0.28009 0.06198 0.1287
2 0.55885 0.3375 0.05417 0.14537
2 0.35469 0.54306 0.08646 0.16204
0 0.53229 0.66806 0.08229 0.13796
2 0.64401 0.59306 0.10469 0.18426
1 0.71562 0.31713 0.06979 0.11944
0 0.78802 0.5213 0.08333 0.11667
0 0.81328 0.45509 0.07135 0.125
2 0.43594 0.37454 0.06979 0.16019
0 0.32839 0.88519 0.07031 0.15185
0 0.4638 0.51806 0.04427 0.09907
0 0.76875 0.29306 0.04479 0.08241
