0 0.38594 0.74722 0.05104 0.09074
0 0.45339 0.84398 0.05365 0.09722
0 0.62865 0.56019 0.04167 0.07407
0 0.76016 0.70741 0.06094 0.07037
0 0.85703 0.75278 0.08594 0.10185
0 0.93698 0.70741 0.09271 0.1037
0 0.94583 0.8463 0.07187 0.09259
0 0.58229 0.41991 0.04375 0.07315
0 0.62604 0.36944 0.02917 0.07037
0 0.65156 0.24583 0.03958 0.06574
0 0.58099 0.22685 0.0349 0.05741
0 0.53958 0.29537 0.03229 0.06481
0 0.53438 0.44444 0.02604 0.07407
0 0.45885 0.49583 0.03333 0.05833
0 0.44375 0.4 0.04792 0.07037
1 0.45807 0.33102 0.05573 0.09352
0 0.42109 0.27639 0.02448 0.0713
2 0.38854 0.36389 0.05 0.08704
1 0.3526 0.28472 0.04583 0.09352
1 0.37318 0.46574 0.05677 0.10185
1 0.30755 0.41759 0.06094 0.09444
0 0.33802 0.36528 0.03542 0.06574
0 0.27422 0.3713 0.0276 0.03333
0 0.28203 0.26065 0.03177 0.07315
0 0.23359 0.28426 0.04427 0.06296
0 0.26745 0.52731 0.03906 0.05463
0 0.1849 0.38889 0.06146 0.07222
0 0.13047 0.33565 0.0599 0.07315
1 0.16771 0.47083 0.09167 0.10093
0 0.10521 0.43148 0.05833 0.06481
0 0.17318 0.18472 0.03594 0.06759
0 0.15208 0.13704 0.04375 0.06296
0 0.10807 0.12454 0.0526 0.0787
0 0.04427 0.13102 0.05625 0.07685
