1 0.18646 0.3412 0.07604 0.10093
1 0.26693 0.28426 0.0651 0.10185
1 0.20573 0.12963 0.06354 0.09444
0 0.30286 0.11759 0.03281 0.07222
0 0.07682 0.13935 0.0526 0.08056
0 0.02995 0.20324 0.0599 0.08611
0 0.05156 0.43333 0.05104 0.0537
0 0.10104 0.4713 0.05729 0.05741
0 0.02604 0.52269 0.05208 0.05648
0 0.05964 0.56481 0.08177 0.05926
0 0.08411 0.67639 0.07552 0.06019
0 0.11042 0.79259 0.07604 0.05
0 0.04141 0.7912 0.08073 0.05648
0 0.01641 0.66019 0.03281 0.03519
0 0.39453 0.68796 0.05156 0.0963
0 0.50078 0.68426 0.04427 0.08889
0 0.50365 0.57361 0.04167 0.05278
0 0.49193 0.43333 0.02656 0.05926
0 0.35859 0.34861 0.03698 0.06019
0 0.40703 0.30417 0.03906 0.06759
0 0.52135 0.8412 0.03958 0.09167
0 0.6151 0.6787 0.04167 0.08519
0 0.69271 0.87222 0.05417 0.09259
0 0.55052 0.43102 0.04167 0.06759
1 0.52839 0.3213 0.05052 0.10741
1 0.575 0.26204 0.04271 0.0963
0 0.53385 0.22361 0.02813 0.06759
1 0.57292 0.12639 0.04479 0.10648
1 0.66198 0.33796 0.05833 0.09815
1 0.59766 0.46435 0.05677 0.10278
2 0.59115 0.36389 0.05104 0.09444
0 0.60859 0.30463 0.03802 0.05556
0 0.6151 0.24907 0.03125 0.06296
0 0.69661 0.25185 0.03906 0.06111
0 0.68359 0.18611 0.03594 0.06111
0 0.65651 0.09352 0.03281 0.07407
0 0.61849 0.14676 0.03594 0.08981
0 0.60365 0.08657 0.02604 0.0787
0 0.75755 0.1287 0.03073 0.05741
0 0.79844 0.10463 0.03646 0.05926
0 0.80833 0.05093 0.04063 0.04815
0 0.65833 0.45139 0.03646 0.06944
