1 0.25807 0.39861 0.08594 0.13056
1 0.32812 0.42685 0.06979 0.1537
2 0.37135 0.36389 0.05417 0.13148
0 0.43177 0.3912 0.04167 0.10648
0 0.44922 0.47963 0.04844 0.08889
1 0.45312 0.33657 0.05937 0.12315
0 0.41693 0.3162 0.0224 0.04722
0 0.27135 0.31898 0.03438 0.05833
0 0.21484 0.32917 0.03281 0.06389
0 0.15885 0.53426 0.075 0.0963
0 0.1224 0.3912 0.07083 0.11204
0 0.07474 0.33796 0.04635 0.05741
1 0.05521 0.42639 0.11042 0.15093
0 0.08411 0.25741 0.0401 0.07778
0 0.14167 0.25741 0.03646 0.06852
0 0.18203 0.27685 0.03802 0.08704
0 0.70885 0.55046 0.07708 0.13056
0 0.60547 0.41019 0.05156 0.11296
0 0.65182 0.39028 0.03906 0.08241
0 0.65521 0.31898 0.03229 0.06759
0 0.58281 0.30926 0.02708 0.07037
0 0.54505 0.34352 0.03385 0.06296
0 0.54557 0.43241 0.03385 0.09444
1 0.33672 0.31157 0.04219 0.06944
0 0.24401 0.8037 0.1276 0.16481
0 0.92266 0.26898 0.0401 0.05648
0 0.30286 0.34861 0.01927 0.0287
