0 0.22708 0.47778 0.07187 0.11296
0 0.30286 0.39444 0.05156 0.09815
0 0.47083 0.88009 0.10104 0.18241
0 0.78724 0.81435 0.10573 0.13241
0 0.89948 0.58981 0.08854 0.13704
0 0.71927 0.51296 0.06146 0.1
0 0.62839 0.64537 0.0849 0.14444
0 0.5513 0.5338 0.05469 0.09722
0 0.47135 0.43148 0.03333 0.08704
0 0.53438 0.37315 0.04583 0.1037
1 0.59349 0.35602 0.06406 0.13056
1 0.5776 0.2662 0.05 0.06389
2 0.53438 0.28704 0.04896 0.06852
1 0.46146 0.3162 0.04896 0.11204
1 0.48281 0.25833 0.03646 0.07037
0 0.42734 0.2912 0.02865 0.05833
1 0.11302 0.20417 0.05 0.08426
1 0.43438 0.21667 0.03229 0.09259
0 0.47734 0.20833 0.02031 0.03519
0 0.49115 0.18796 0.01875 0.04074
0 0.53594 0.22315 0.01771 0.05
0 0.56563 0.1588 0.01354 0.04537
0 0.5776 0.17546 0.01458 0.04722
0 0.56536 0.22361 0.0224 0.02315
0 0.62943 0.31667 0.01927 0.03704
1 0.04557 0.50185 0.0901 0.16852
0 0.0638 0.33426 0.06198 0.07963
0 0.04297 0.26574 0.04323 0.05556
0 0.01458 0.29259 0.02813 0.07593
0 0.45286 0.18657 0.0151 0.03981
