1 0.24531 0.39444 0.08438 0.14444
1 0.3138 0.41389 0.07135 0.17407
2 0.35781 0.36389 0.07083 0.13889
0 0.44245 0.47546 0.04844 0.11204
0 0.54896 0.43519 0.0375 0.10741
0 0.55026 0.34907 0.03177 0.07778
0 0.58437 0.32315 0.02396 0.07037
0 0.6125 0.41806 0.04896 0.12685
0 0.6599 0.39954 0.03542 0.08981
0 0.6638 0.33935 0.03594 0.05648
0 0.73385 0.54769 0.0875 0.16759
0 0.43151 0.3838 0.03698 0.10278
1 0.45495 0.3412 0.05677 0.13611
0 0.13464 0.51667 0.07969 0.11296
0 0.11849 0.39444 0.07344 0.12407
0 0.07604 0.33981 0.04271 0.06296
1 0.04219 0.40509 0.08438 0.16759
0 0.15625 0.28333 0.02813 0.05741
0 0.10234 0.27917 0.03802 0.06389
0 0.19245 0.29722 0.03177 0.07593
0 0.16016 0.76019 0.19427 0.12037
0 0.94323 0.29861 0.0375 0.06389
0 0.275 0.31111 0.02083 0.03333
0 0.42057 0.31759 0.01927 0.02593
0 0.48411 0.70417 0.00052 0.00093
