0 0.38854 0.75 0.05 0.09259
0 0.45781 0.84259 0.05312 0.09444
0 0.62891 0.55648 0.04844 0.07222
0 0.58047 0.41111 0.03698 0.06296
0 0.53281 0.4412 0.03229 0.0713
0 0.46042 0.49306 0.03229 0.05463
0 0.44583 0.40972 0.04167 0.07315
2 0.38568 0.36898 0.05469 0.08981
1 0.3737 0.46759 0.05885 0.09444
1 0.30885 0.42315 0.06146 0.08704
1 0.34792 0.28611 0.04688 0.09074
1 0.45547 0.32824 0.0526 0.09537
0 0.41823 0.27546 0.03021 0.06389
0 0.53984 0.2963 0.03698 0.05741
0 0.6237 0.36713 0.0401 0.06759
0 0.6474 0.2463 0.03333 0.05926
0 0.57656 0.22222 0.03229 0.07222
0 0.2651 0.53889 0.04479 0.06481
0 0.27266 0.37639 0.02448 0.04352
0 0.33776 0.37361 0.03906 0.075
0 0.2776 0.2625 0.03646 0.06944
0 0.22839 0.28472 0.03802 0.06389
1 0.16198 0.47963 0.09792 0.10185
0 0.1026 0.4375 0.05833 0.0713
0 0.12552 0.34676 0.06458 0.075
0 0.18359 0.39583 0.06198 0.07315
0 0.16771 0.19491 0.03854 0.06204
0 0.14427 0.13889 0.04688 0.06296
0 0.09896 0.1338 0.05417 0.08796
0 0.03568 0.1412 0.05885 0.08426
0 0.7599 0.69491 0.06667 0.06389
0 0.85677 0.73704 0.08646 0.10926
0 0.93359 0.69167 0.09323 0.10185
0 0.94688 0.82731 0.06979 0.10093
