0 0.36719 0.71667 0.04792 0.08519
0 0.42266 0.82546 0.05365 0.10648
0 0.53568 0.44769 0.02552 0.06019
0 0.58698 0.43426 0.04063 0.07222
0 0.62318 0.59907 0.04427 0.07963
0 0.6362 0.39676 0.03073 0.06574
0 0.6776 0.28056 0.03542 0.06667
0 0.60443 0.24398 0.02969 0.06759
0 0.55651 0.31204 0.02969 0.05926
0 0.45937 0.48935 0.03646 0.05463
0 0.45026 0.39722 0.04115 0.07222
1 0.46797 0.32315 0.0526 0.08704
0 0.4401 0.26759 0.02708 0.05926
2 0.40052 0.34815 0.05417 0.09815
1 0.37266 0.26065 0.04948 0.09537
1 0.37891 0.43935 0.05365 0.09352
1 0.32161 0.38009 0.05677 0.08796
0 0.35339 0.33889 0.03802 0.06852
0 0.30755 0.22361 0.03073 0.06574
0 0.29714 0.33241 0.03177 0.03889
0 0.27344 0.4838 0.04375 0.06389
0 0.21224 0.32963 0.0526 0.07037
0 0.16693 0.27222 0.05052 0.07407
0 0.13958 0.35463 0.05104 0.06852
0 0.26068 0.23519 0.03281 0.06111
0 0.21615 0.13796 0.03021 0.06296
0 0.1987 0.0875 0.0401 0.06204
0 0.16224 0.07315 0.04115 0.08148
0 0.10625 0.06852 0.05104 0.08704
1 0.18672 0.40046 0.08385 0.09907
0 0.75365 0.77639 0.06458 0.0787
0 0.85677 0.84954 0.09375 0.11389
0 0.93906 0.82917 0.08438 0.11944
