0 0.30938 0.56528 0.04792 0.0787
1 0.16458 0.65139 0.10938 0.12315
0 0.33255 0.44815 0.04323 0.07778
0 0.08073 0.44306 0.06458 0.06389
0 0.51276 0.75926 0.05156 0.09444
0 0.58281 0.60278 0.05104 0.08704
0 0.63464 0.47407 0.04635 0.07222
0 0.72839 0.5037 0.04427 0.06481
0 0.64714 0.66574 0.04427 0.07778
0 0.78255 0.66944 0.0724 0.08889
0 0.53438 0.52222 0.03958 0.0537
0 0.4724 0.44491 0.03333 0.05093
0 0.50964 0.38009 0.04219 0.07315
1 0.55234 0.35046 0.05156 0.09537
0 0.57682 0.29167 0.03698 0.05185
1 0.5375 0.21759 0.05521 0.1
1 0.44766 0.23704 0.04844 0.09444
1 0.44609 0.32593 0.05052 0.08889
2 0.50495 0.29352 0.05052 0.08519
0 0.4888 0.23704 0.02865 0.06667
0 0.46797 0.1838 0.02344 0.04722
0 0.39714 0.25278 0.03177 0.05926
1 0.3875 0.13056 0.04375 0.09444
0 0.42812 0.11065 0.03021 0.06759
0 0.3901 0.06667 0.03333 0.0463
0 0.43073 0.05509 0.03229 0.06944
0 0.48932 0.09769 0.01927 0.05833
0 0.51615 0.13287 0.025 0.06759
0 0.025 0.10926 0.04479 0.06852
0 0.01302 0.18981 0.02604 0.06852
