0 0.3401 0.64306 0.04896 0.08056
0 0.37031 0.77315 0.04688 0.0963
0 0.60729 0.6625 0.04583 0.09167
0 0.71771 0.91759 0.06354 0.1
0 0.59583 0.48102 0.04167 0.075
0 0.65573 0.46528 0.0375 0.06759
0 0.72188 0.35926 0.04271 0.06296
0 0.64687 0.29444 0.03333 0.06852
0 0.58698 0.34444 0.03333 0.06296
0 0.54036 0.47361 0.03385 0.06759
0 0.4612 0.47685 0.03073 0.0537
0 0.46641 0.38472 0.04115 0.06759
1 0.49453 0.32037 0.0526 0.1
1 0.41589 0.22639 0.04635 0.10093
1 0.3901 0.39769 0.05104 0.09907
1 0.34922 0.32037 0.0526 0.09074
0 0.38802 0.29167 0.03333 0.06296
2 0.42995 0.3162 0.04531 0.08796
0 0.47891 0.25602 0.02552 0.06019
0 0.29974 0.39676 0.0401 0.06204
0 0.34219 0.26343 0.02813 0.03241
0 0.36667 0.17407 0.02813 0.06667
0 0.325 0.16944 0.03021 0.05926
0 0.26771 0.23796 0.04063 0.07778
0 0.24271 0.16991 0.04271 0.07315
0 0.20729 0.22917 0.04167 0.06204
1 0.23385 0.29213 0.06979 0.09537
0 0.30104 0.06944 0.02917 0.06111
