0 0.33854 0.36852 0.04375 0.06852
1 0.16042 0.46481 0.07187 0.09444
1 0.3099 0.41667 0.06042 0.0963
1 0.37396 0.46528 0.05417 0.10093
1 0.45521 0.33148 0.05208 0.1037
1 0.35182 0.28333 0.04531 0.09444
2 0.38906 0.36435 0.05 0.08796
0 0.42005 0.27176 0.01719 0.06574
0 0.54297 0.3 0.0349 0.05185
0 0.44505 0.4088 0.03906 0.06574
0 0.4612 0.49722 0.03281 0.05185
0 0.53255 0.44074 0.02135 0.06111
0 0.63047 0.56667 0.04635 0.07593
0 0.58099 0.4162 0.03698 0.06574
0 0.62786 0.36759 0.03073 0.06296
0 0.57969 0.22917 0.02813 0.06759
0 0.65234 0.24907 0.03698 0.06111
0 0.10573 0.43148 0.05937 0.06667
0 0.1875 0.39028 0.05625 0.0713
0 0.12995 0.33935 0.06302 0.06759
0 0.23151 0.28148 0.03802 0.06296
0 0.27891 0.25833 0.03385 0.07037
0 0.27526 0.3713 0.0224 0.04444
0 0.26615 0.52917 0.04271 0.06204
0 0.17474 0.1838 0.03698 0.05833
0 0.15208 0.13426 0.03854 0.05926
0 0.10547 0.11991 0.05156 0.08426
0 0.04323 0.13009 0.05937 0.08241
0 0.38542 0.74722 0.04896 0.08889
0 0.4526 0.84444 0.05208 0.10556
0 0.75964 0.70556 0.06198 0.06667
0 0.85703 0.74722 0.09115 0.09815
0 0.93646 0.70741 0.09271 0.09444
0 0.94635 0.84537 0.07292 0.10556
