1 0.14089 0.59537 0.10781 0.1037
0 0.15 0.50324 0.07292 0.06574
0 0.075 0.46759 0.07708 0.07037
0 0.06042 0.58287 0.07187 0.0713
0 0.25339 0.44954 0.03698 0.04352
0 0.18646 0.36852 0.04896 0.05926
0 0.23646 0.33333 0.04063 0.06111
0 0.10443 0.29028 0.04844 0.06574
0 0.06172 0.23981 0.0526 0.05926
0 0.02083 0.24769 0.04167 0.07315
1 0.29609 0.48009 0.0651 0.08611
1 0.3737 0.50324 0.0599 0.10278
1 0.43854 0.34306 0.05417 0.09907
1 0.32083 0.32778 0.05521 0.0963
0 0.31797 0.42083 0.04219 0.06204
0 0.26198 0.61759 0.04167 0.06296
0 0.42526 0.78519 0.0474 0.09074
0 0.50443 0.8463 0.05052 0.1037
2 0.36979 0.40046 0.05104 0.08426
0 0.39375 0.30417 0.02604 0.06944
0 0.46172 0.50417 0.03177 0.05278
0 0.43932 0.42407 0.04427 0.06852
0 0.52396 0.42963 0.02813 0.06852
0 0.56745 0.38611 0.03594 0.07407
0 0.63021 0.50972 0.04167 0.06574
0 0.60104 0.33102 0.02813 0.0713
0 0.60938 0.20741 0.02813 0.05556
0 0.54349 0.20463 0.03073 0.06667
0 0.51536 0.28704 0.03385 0.06296
0 0.76172 0.59583 0.0526 0.06574
0 0.84635 0.59722 0.075 0.07963
0 0.90521 0.52824 0.08958 0.075
0 0.93958 0.77593 0.0875 0.0963
0 0.93802 0.64259 0.08854 0.08148
0 0.95417 0.54352 0.0625 0.06852
0 0.87292 0.85509 0.08125 0.09537
