0 0.36328 0.74769 0.03802 0.07685
0 0.49062 0.7875 0.04375 0.0713
0 0.46172 0.55694 0.02969 0.05093
0 0.35391 0.50741 0.04635 0.07407
0 0.4112 0.63102 0.04635 0.08056
0 0.51589 0.45833 0.03281 0.06111
0 0.55781 0.52083 0.04271 0.08241
1 0.5737 0.60463 0.07448 0.1037
1 0.7237 0.61157 0.08177 0.11204
1 0.59557 0.40556 0.05885 0.1037
1 0.66771 0.41574 0.0625 0.09259
0 0.68255 0.50556 0.05052 0.06852
0 0.72786 0.46574 0.04115 0.06111
0 0.65833 0.3412 0.03854 0.06019
0 0.79505 0.38194 0.05052 0.06944
0 0.81146 0.30278 0.05833 0.07963
0 0.87448 0.38519 0.0625 0.07037
0 0.84635 0.51759 0.05521 0.06111
0 0.82057 0.58194 0.06719 0.06759
1 0.7474 0.30046 0.06667 0.10463
2 0.62995 0.52593 0.0599 0.09444
0 0.64896 0.68796 0.04896 0.07037
0 0.23854 0.47546 0.04688 0.06204
0 0.16354 0.46481 0.06563 0.06296
0 0.09557 0.4375 0.07135 0.06389
0 0.14036 0.36991 0.06406 0.06944
0 0.03359 0.41343 0.06719 0.05833
0 0.02995 0.55 0.0599 0.06296
0 0.0776 0.51481 0.09062 0.07222
0 0.14531 0.25556 0.04479 0.06667
0 0.19479 0.27361 0.04167 0.05648
0 0.21536 0.32454 0.04948 0.05278
0 0.23646 0.24722 0.04271 0.06111
0 0.2125 0.17176 0.03958 0.05833
0 0.25286 0.16944 0.03385 0.06296
0 0.29792 0.14444 0.02917 0.05556
0 0.28724 0.09306 0.02344 0.05463
0 0.25286 0.12083 0.03698 0.06944
0 0.20599 0.10417 0.04427 0.07315
0 0.18047 0.13889 0.03698 0.07593
0 0.0849 0.18333 0.05 0.06481
1 0.06094 0.27176 0.08854 0.09352
1 0.02318 0.21713 0.04635 0.07685
1 0.37135 0.12454 0.03958 0.09907
1 0.43385 0.14398 0.04583 0.09722
0 0.45859 0.25648 0.02969 0.06667
0 0.51354 0.26898 0.03333 0.06944
0 0.52318 0.0463 0.02656 0.06111
