1 0.12266 0.57778 0.1474 0.23333
1 0.36589 0.48657 0.12656 0.24352
1 0.51302 0.67917 0.1375 0.27315
1 0.6263 0.44907 0.12344 0.23148
2 0.48516 0.32963 0.09844 0.21111
2 0.6763 0.23611 0.09531 0.2037
2 0.71276 0.09352 0.08594 0.1463
1 0.54089 0.18889 0.09427 0.20556
0 0.6151 0.15046 0.03958 0.12315
0 0.55104 0.06481 0.0625 0.08704
2 0.45625 0.09907 0.07812 0.15926
0 0.16016 0.30046 0.07656 0.14907
0 0.25443 0.21759 0.06927 0.15
0 0.16198 0.20787 0.06458 0.10833
0 0.04948 0.08843 0.07812 0.13796
1 0.21589 0.10648 0.09635 0.14815
0 0.2763 0.06759 0.05781 0.10185
