1 0.45 0.66019 0.06875 0.12222
1 0.58724 0.60833 0.06094 0.11667
1 0.64115 0.78519 0.07812 0.13704
1 0.53646 0.93889 0.06875 0.06852
1 0.63932 0.14213 0.0401 0.09167
1 0.67031 0.22824 0.04896 0.09722
1 0.79609 0.15093 0.05156 0.09444
0 0.82917 0.28843 0.04167 0.06389
0 0.60885 0.32778 0.03125 0.06852
0 0.63568 0.40741 0.0349 0.05741
0 0.44141 0.84259 0.03906 0.07963
0 0.58854 0.85417 0.04688 0.10463
0 0.70625 0.74028 0.04688 0.06204
0 0.65859 0.95324 0.03802 0.03981
0 0.49661 0.60046 0.04323 0.075
0 0.51823 0.50787 0.025 0.05463
0 0.44115 0.47731 0.02917 0.04722
0 0.39271 0.44491 0.0375 0.06574
0 0.43021 0.32454 0.03229 0.06574
0 0.33385 0.43472 0.03333 0.05093
0 0.34349 0.59537 0.03802 0.05926
0 0.24531 0.63426 0.04688 0.05556
0 0.21615 0.50694 0.04792 0.05648
0 0.41302 0.20417 0.02396 0.06389
0 0.46536 0.11296 0.01927 0.06111
0 0.42318 0.07315 0.02552 0.07778
0 0.39115 0.13426 0.02917 0.07407
0 0.35234 0.09352 0.02969 0.07963
0 0.38438 0.06759 0.02917 0.05926
0 0.33047 0.05417 0.02344 0.05648
0 0.11276 0.09861 0.0526 0.08056
0 0.50833 0.08843 0.01979 0.06389
0 0.48177 0.07454 0.01979 0.05463
0 0.55026 0.06157 0.01719 0.06574
0 0.58672 0.08565 0.02135 0.05833
0 0.60755 0.05 0.0151 0.05741
0 0.57578 0.0412 0.01823 0.03981
0 0.52682 0.03889 0.02031 0.04259
0 0.47005 0.0375 0.0151 0.03426
0 0.95755 0.26852 0.0474 0.06481
2 0.53411 0.73935 0.0651 0.11759
0 0.82995 0.90602 0.10365 0.07315
