0 0.1151 0.31944 0.05937 0.07037
0 0.16094 0.31806 0.05937 0.07315
0 0.18411 0.2588 0.0474 0.075
0 0.2263 0.30926 0.04427 0.06481
0 0.22656 0.22083 0.04063 0.06944
0 0.14427 0.2125 0.04167 0.05833
0 0.1 0.16204 0.04375 0.06111
0 0.11641 0.11898 0.0401 0.06389
0 0.08932 0.06898 0.03073 0.03796
1 0.0263 0.19583 0.0526 0.08981
1 0.1888 0.1162 0.0599 0.09167
1 0.16589 0.04954 0.04531 0.05833
1 0.06771 0.10139 0.05625 0.06944
1 0.03255 0.06806 0.04948 0.05648
0 0.28542 0.35046 0.03958 0.05833
0 0.29193 0.21157 0.03177 0.06389
0 0.28411 0.15741 0.03177 0.0463
0 0.3224 0.15556 0.03438 0.06111
0 0.25208 0.13333 0.03125 0.06481
0 0.22422 0.05093 0.03594 0.06296
0 0.3125 0.08241 0.02708 0.05926
0 0.35078 0.09537 0.0276 0.06296
0 0.39036 0.0875 0.02656 0.06204
0 0.35885 0.04213 0.02396 0.03981
0 0.36667 0.43426 0.04063 0.06481
0 0.39115 0.57454 0.04896 0.07685
0 0.32812 0.65046 0.04271 0.06944
0 0.44792 0.53565 0.03021 0.05833
0 0.42604 0.76389 0.04271 0.06667
0 0.52187 0.47315 0.02917 0.05926
0 0.51094 0.25463 0.03333 0.07037
0 0.55729 0.29167 0.03542 0.07222
1 0.45677 0.09491 0.03854 0.09537
1 0.51276 0.13843 0.04531 0.10278
0 0.62161 0.07778 0.0276 0.07222
0 0.2974 0.03889 0.02813 0.03704
0 0.32917 0.03472 0.02292 0.03796
0 0.39115 0.03889 0.02187 0.03704
1 0.54349 0.65093 0.06719 0.11667
1 0.70599 0.76389 0.08281 0.13148
1 0.69063 0.52407 0.07083 0.0963
1 0.60807 0.46667 0.0599 0.10556
2 0.62187 0.61204 0.06042 0.10741
0 0.54479 0.55602 0.04688 0.075
0 0.68437 0.61991 0.04479 0.075
0 0.74661 0.61944 0.04948 0.06111
0 0.6013 0.78981 0.04427 0.08148
0 0.82786 0.81667 0.07656 0.09815
0 0.87839 0.76667 0.07448 0.08148
1 0.8138 0.4463 0.08906 0.09815
0 0.6974 0.44213 0.04375 0.06019
0 0.85078 0.5787 0.08177 0.08519
0 0.89349 0.50093 0.07552 0.07037
0 0.94297 0.63333 0.07865 0.06852
0 0.34661 0.94583 0.04948 0.05648
