0 0.24766 0.74769 0.12448 0.18796
0 0.32474 0.25231 0.05469 0.13056
0 0.24167 0.22407 0.05937 0.13704
0 0.24323 0.12778 0.04792 0.11296
0 0.19036 0.17963 0.03802 0.09444
0 0.31797 0.16806 0.03385 0.08056
2 0.54115 0.36019 0.09688 0.22593
2 0.52083 0.2037 0.07187 0.18333
2 0.42708 0.14167 0.0625 0.12593
1 0.4375 0.29352 0.09583 0.19074
1 0.66094 0.50787 0.14583 0.23981
1 0.76797 0.41204 0.1276 0.20185
1 0.64245 0.28889 0.09427 0.19074
1 0.14896 0.3037 0.10625 0.17407
1 0.07969 0.7912 0.15833 0.30093
2 0.30182 0.33565 0.10365 0.21019
