0 0.3599 0.78148 0.06563 0.11852
0 0.44766 0.90972 0.07656 0.13796
0 0.64922 0.55602 0.0526 0.08981
0 0.82448 0.71944 0.08646 0.07963
0 0.94167 0.75787 0.08333 0.11759
0 0.53411 0.43704 0.0276 0.06852
0 0.58646 0.40787 0.04063 0.0787
0 0.62969 0.36991 0.02604 0.0713
0 0.64766 0.26759 0.03073 0.06296
0 0.57656 0.24954 0.02813 0.06759
0 0.53984 0.30972 0.03073 0.06574
0 0.45625 0.49306 0.03646 0.06204
0 0.4401 0.40185 0.03854 0.08519
1 0.4513 0.32917 0.0526 0.10463
0 0.41823 0.29213 0.02708 0.0713
1 0.35755 0.4537 0.05885 0.10556
1 0.28932 0.41343 0.07344 0.10833
1 0.34453 0.30324 0.0474 0.09352
2 0.37865 0.36435 0.05417 0.09907
0 0.32839 0.37361 0.0401 0.07315
0 0.23281 0.54028 0.05312 0.06574
1 0.12135 0.46435 0.11146 0.11944
0 0.04896 0.42963 0.0375 0.06296
0 0.10781 0.35324 0.05729 0.08241
0 0.16276 0.3963 0.06302 0.07593
0 0.22344 0.29861 0.03333 0.05833
0 0.27448 0.28333 0.03229 0.07222
0 0.17865 0.2287 0.03958 0.06852
0 0.15495 0.1838 0.03073 0.04167
0 0.11068 0.17454 0.04219 0.0787
0 0.0526 0.18796 0.05 0.08148
