0 0.39115 0.74954 0.05417 0.08426
0 0.45677 0.8463 0.05208 0.10926
0 0.62917 0.55509 0.04479 0.08056
0 0.76042 0.70139 0.05833 0.06759
0 0.85677 0.73935 0.0875 0.10278
0 0.93542 0.69306 0.09792 0.09907
0 0.94375 0.82639 0.07604 0.09907
0 0.57917 0.41481 0.03542 0.06667
0 0.62266 0.36528 0.03802 0.06019
0 0.64766 0.24861 0.03177 0.06204
0 0.57812 0.22546 0.03125 0.06759
0 0.53802 0.29815 0.03125 0.06667
0 0.53099 0.44398 0.02552 0.06204
0 0.4599 0.49769 0.03854 0.05648
0 0.44427 0.40833 0.03958 0.07593
1 0.45286 0.33009 0.04948 0.09537
0 0.42161 0.28056 0.02552 0.06481
2 0.38568 0.36944 0.05469 0.09259
1 0.3763 0.47083 0.0599 0.09907
1 0.30651 0.4213 0.06198 0.0963
1 0.35052 0.2875 0.04583 0.08981
0 0.33437 0.37269 0.0375 0.075
0 0.27682 0.37778 0.0349 0.04259
0 0.27734 0.26435 0.03594 0.075
0 0.22812 0.28657 0.03542 0.05648
0 0.26745 0.53657 0.05052 0.05833
1 0.16198 0.47824 0.09688 0.10093
0 0.10052 0.44259 0.06146 0.06852
0 0.18255 0.39676 0.06094 0.06759
0 0.12682 0.34352 0.0599 0.07593
0 0.16979 0.19676 0.04167 0.06944
0 0.14375 0.1412 0.04375 0.06389
0 0.0987 0.1287 0.0526 0.08148
0 0.04219 0.14907 0.04375 0.06481
0 0.01641 0.11667 0.02865 0.03889
