0 0.34792 0.62593 0.08229 0.14259
0 0.29349 0.48843 0.0599 0.11389
0 0.47214 0.91991 0.09844 0.11204
0 0.44219 0.55 0.03854 0.1037
0 0.5237 0.44352 0.03906 0.09074
0 0.5138 0.31759 0.03281 0.07963
0 0.45885 0.31157 0.03333 0.07315
1 0.3862 0.24722 0.03385 0.08519
1 0.4401 0.24815 0.03542 0.07037
1 0.46745 0.20231 0.02344 0.075
1 0.6099 0.18796 0.02292 0.05556
0 0.56302 0.20185 0.01146 0.03889
0 0.54245 0.19815 0.01927 0.05
0 0.52135 0.22824 0.01979 0.05463
1 0.62266 0.38194 0.07448 0.14352
0 0.58099 0.48843 0.05573 0.13981
1 0.63672 0.56389 0.11823 0.1963
2 0.7099 0.47917 0.08958 0.15093
1 0.72813 0.38519 0.07396 0.09444
0 0.76693 0.48935 0.06719 0.11759
0 0.81458 0.74074 0.11354 0.13889
1 0.89609 0.60046 0.17031 0.18981
0 0.81901 0.4713 0.04635 0.06481
1 0.78438 0.32407 0.07292 0.12407
0 0.68437 0.36991 0.025 0.0713
0 0.85313 0.33565 0.05521 0.09352
0 0.86589 0.38981 0.06094 0.1
0 0.95417 0.40046 0.05521 0.09907
0 0.15573 0.46991 0.06875 0.08796
0 0.18854 0.35787 0.04167 0.06759
0 0.18047 0.30787 0.02969 0.03241
0 0.14036 0.31667 0.03802 0.06852
0 0.08281 0.3713 0.0625 0.09074
0 0.05521 0.42917 0.08542 0.11944
1 0.04167 0.30231 0.08333 0.11574
0 0.23594 0.31157 0.03646 0.06389
0 0.22839 0.26065 0.03073 0.04722
0 0.20703 0.24676 0.02031 0.04907
0 0.11172 0.27454 0.02865 0.05833
0 0.31771 0.25972 0.02917 0.05278
0 0.24401 0.2412 0.02552 0.05093
0 0.27187 0.26713 0.02604 0.05648
0 0.28151 0.25278 0.02344 0.05185
0 0.31927 0.2412 0.01875 0.05093
