2 0.27474 0.68241 0.14948 0.24259
0 0.16797 0.5963 0.0776 0.13333
1 0.4513 0.67407 0.15573 0.27222
1 0.31771 0.46667 0.09792 0.18704
0 0.3974 0.50602 0.06042 0.15278
0 0.50182 0.51019 0.0474 0.11111
0 0.79427 0.66065 0.11458 0.16389
0 0.78229 0.5213 0.09375 0.12963
0 0.46172 0.42222 0.04115 0.09815
0 0.45469 0.35602 0.04271 0.0713
0 0.43021 0.34306 0.02708 0.07685
0 0.36354 0.3125 0.025 0.06759
0 0.30755 0.34815 0.03594 0.07037
0 0.54453 0.35602 0.03594 0.09907
0 0.59089 0.3162 0.02344 0.05463
0 0.60078 0.26481 0.02448 0.06852
0 0.58464 0.23843 0.02448 0.06944
0 0.61927 0.23981 0.02187 0.05556
0 0.6362 0.24259 0.02031 0.06852
0 0.65312 0.27454 0.02708 0.06389
0 0.65807 0.23102 0.01927 0.02315
0 0.6862 0.2375 0.0151 0.04352
0 0.68151 0.3125 0.0276 0.06204
0 0.71823 0.30093 0.02187 0.05741
0 0.74297 0.31019 0.02656 0.06296
0 0.79792 0.30046 0.02708 0.0713
0 0.82135 0.31574 0.03333 0.06667
0 0.88516 0.36574 0.04531 0.08333
0 0.89141 0.31019 0.03073 0.03148
0 0.87552 0.29259 0.03646 0.06296
0 0.94922 0.35417 0.04844 0.08241
1 0.70833 0.25278 0.02917 0.07407
1 0.73438 0.23565 0.02917 0.04722
1 0.75521 0.23611 0.02396 0.05926
0 0.76875 0.2588 0.025 0.04722
0 0.72865 0.26759 0.01979 0.02407
1 0.95521 0.44213 0.05625 0.15278
