1 0.38073 0.60093 0.13125 0.22963
1 0.6638 0.5875 0.1526 0.23796
2 0.54635 0.83796 0.16354 0.27963
0 0.48411 0.56204 0.07552 0.16852
0 0.52943 0.48704 0.0474 0.12037
0 0.4263 0.45602 0.04323 0.10093
0 0.36719 0.41111 0.05417 0.11296
0 0.4375 0.35324 0.0375 0.08796
0 0.30703 0.41204 0.05469 0.10185
0 0.24271 0.53796 0.06979 0.12407
0 0.14193 0.44676 0.06094 0.10648
0 0.07995 0.56204 0.10365 0.10926
0 0.64609 0.36667 0.04323 0.09259
0 0.69661 0.41759 0.06198 0.09815
1 0.6625 0.27593 0.0375 0.09074
1 0.70547 0.31435 0.05469 0.11204
1 0.84036 0.275 0.06719 0.10185
0 0.79271 0.24028 0.03333 0.06574
0 0.74193 0.23009 0.0276 0.05648
0 0.93203 0.36806 0.05885 0.08981
0 0.44297 0.29444 0.02552 0.04815
0 0.42865 0.25278 0.02187 0.07037
0 0.46406 0.25648 0.02708 0.06852
0 0.40052 0.23333 0.02083 0.06852
0 0.3888 0.23704 0.02031 0.06111
0 0.49427 0.27361 0.01771 0.05093
0 0.51094 0.25648 0.01354 0.04815
0 0.51615 0.21296 0.01042 0.03148
0 0.53516 0.25741 0.0224 0.0537
0 0.55495 0.22593 0.01823 0.06481
0 0.57188 0.24167 0.01562 0.0537
0 0.58203 0.21481 0.01094 0.03704
0 0.59375 0.24167 0.0125 0.05
0 0.60443 0.25833 0.01823 0.0537
0 0.6224 0.24398 0.01979 0.05278
1 0.44323 0.20787 0.01771 0.05463
1 0.48203 0.21528 0.0224 0.05093
1 0.49453 0.2 0.01927 0.05
1 0.85859 0.86898 0.24531 0.14352
