0 0.33385 0.88241 0.12604 0.18704
0 0.12604 0.63194 0.09792 0.11019
0 0.03828 0.47546 0.07656 0.10093
0 0.0875 0.32269 0.04271 0.0713
0 0.06432 0.2787 0.03906 0.03704
0 0.0224 0.2963 0.04479 0.07593
0 0.21406 0.34907 0.03958 0.07593
0 0.14245 0.37222 0.04323 0.07593
1 0.22865 0.44583 0.08438 0.13611
1 0.32188 0.46528 0.08021 0.15093
2 0.34115 0.37037 0.06875 0.09815
1 0.2987 0.34167 0.04635 0.1
0 0.3888 0.33241 0.02448 0.08148
0 0.42031 0.40602 0.04479 0.11019
1 0.42995 0.32639 0.05677 0.08796
0 0.45 0.49028 0.04271 0.09167
0 0.53281 0.42778 0.02917 0.08519
0 0.52031 0.33056 0.02813 0.07037
0 0.54323 0.28333 0.02292 0.06111
0 0.6099 0.28843 0.02917 0.06759
0 0.61484 0.36065 0.03385 0.07685
0 0.58047 0.38935 0.04115 0.10463
0 0.68099 0.49954 0.06719 0.10833
0 0.91198 0.60926 0.09583 0.11296
0 0.80807 0.21574 0.02552 0.05
0 0.9138 0.26157 0.04531 0.08426
0 0.94635 0.27037 0.05 0.07963
0 0.27813 0.39954 0.04271 0.0713
