0 0.32682 0.55648 0.04531 0.06852
0 0.32969 0.68704 0.05104 0.07963
0 0.57188 0.71944 0.05208 0.09074
0 0.5987 0.53611 0.04844 0.07222
0 0.66536 0.55556 0.0401 0.06296
0 0.76406 0.4838 0.05833 0.05648
0 0.69036 0.37269 0.04219 0.06574
0 0.61771 0.3963 0.04792 0.06111
0 0.54063 0.49676 0.03438 0.06574
0 0.46563 0.46435 0.02813 0.04722
0 0.48672 0.37593 0.03281 0.07037
1 0.52135 0.32824 0.04896 0.09352
0 0.52474 0.25602 0.03385 0.04907
1 0.46979 0.20926 0.04271 0.09259
1 0.39479 0.27083 0.04583 0.08981
1 0.41068 0.35463 0.05573 0.09444
0 0.42943 0.25556 0.0276 0.06852
2 0.46615 0.29676 0.04375 0.08796
0 0.39557 0.21435 0.0224 0.0287
0 0.33958 0.31713 0.03229 0.05833
1 0.30339 0.19676 0.04844 0.09537
0 0.29036 0.13519 0.03281 0.04259
0 0.34141 0.15926 0.03281 0.07593
0 0.33047 0.09398 0.0349 0.075
0 0.39818 0.11991 0.02344 0.06019
0 0.4362 0.13796 0.0276 0.06111
