1 0.16562 0.46204 0.09375 0.0963
0 0.10703 0.42315 0.05365 0.06296
0 0.13203 0.32917 0.06094 0.07685
0 0.18776 0.38148 0.05573 0.06481
0 0.23047 0.27454 0.03906 0.05648
0 0.28073 0.25833 0.03646 0.06296
0 0.28229 0.36667 0.03333 0.0463
0 0.34036 0.3625 0.03906 0.07315
2 0.38568 0.36389 0.04427 0.08519
1 0.35313 0.28333 0.04896 0.08519
1 0.45651 0.3287 0.04948 0.0963
1 0.3099 0.41296 0.06042 0.09074
1 0.37318 0.46204 0.05469 0.09444
0 0.44583 0.40417 0.0375 0.06389
0 0.42318 0.28287 0.02656 0.075
0 0.46146 0.49444 0.03646 0.06296
0 0.26927 0.52778 0.04896 0.06296
0 0.17786 0.1838 0.03177 0.06574
0 0.15391 0.13056 0.03698 0.05556
0 0.11068 0.11528 0.05156 0.08056
0 0.0487 0.12454 0.05365 0.08241
0 0.54297 0.30185 0.0276 0.05926
0 0.53281 0.44398 0.02917 0.06204
0 0.58333 0.22685 0.02604 0.06481
0 0.65469 0.25324 0.03333 0.075
0 0.62448 0.37593 0.03125 0.07222
0 0.58099 0.41435 0.0401 0.07315
0 0.6276 0.56528 0.04167 0.08241
0 0.38359 0.7463 0.05156 0.08148
0 0.45 0.84352 0.05312 0.10741
0 0.75703 0.70972 0.06302 0.07685
0 0.85703 0.76019 0.08698 0.11111
0 0.93594 0.71296 0.08958 0.10556
0 0.94427 0.85926 0.075 0.10926
