0 0.20573 0.78148 0.06042 0.06481
0 0.29896 0.87361 0.06354 0.0713
0 0.39036 0.71944 0.04948 0.06296
0 0.31693 0.57593 0.04844 0.06296
0 0.38099 0.53519 0.05781 0.07778
0 0.38359 0.39167 0.04635 0.07778
0 0.17734 0.20556 0.0474 0.09074
0 0.21901 0.22176 0.04635 0.0787
0 0.24167 0.175 0.04167 0.06667
0 0.27109 0.23102 0.04115 0.0787
0 0.32161 0.28981 0.03698 0.06111
0 0.28594 0.15417 0.04063 0.075
0 0.22214 0.1213 0.03594 0.05741
0 0.34427 0.16759 0.02292 0.06667
0 0.34818 0.11898 0.02656 0.05833
0 0.38203 0.11759 0.03385 0.06481
0 0.32005 0.08009 0.02865 0.06574
0 0.40781 0.06528 0.02187 0.06019
0 0.44974 0.06389 0.03281 0.05926
0 0.3776 0.04861 0.02604 0.06574
1 0.26719 0.05648 0.05417 0.07778
1 0.1125 0.08472 0.06146 0.09352
0 0.05859 0.14676 0.06406 0.08611
0 0.01979 0.19444 0.03958 0.06296
0 0.18646 0.06898 0.03438 0.06019
0 0.20703 0.03889 0.03177 0.0463
0 0.54115 0.2625 0.03333 0.0713
0 0.58464 0.31574 0.03698 0.06852
1 0.51302 0.09259 0.03958 0.09074
1 0.55964 0.14815 0.03906 0.09444
0 0.68359 0.11157 0.02344 0.06574
0 0.75547 0.04722 0.03281 0.05556
0 0.79063 0.05324 0.02917 0.06019
1 0.62969 0.04583 0.03542 0.05463
0 0.44141 0.51574 0.0276 0.05926
0 0.52005 0.47963 0.03594 0.05556
1 0.51562 0.66852 0.06875 0.11481
1 0.67135 0.85602 0.07812 0.14907
1 0.60911 0.50833 0.05781 0.10185
1 0.68984 0.60602 0.0724 0.10278
1 0.84036 0.58056 0.1099 0.11481
0 0.71172 0.52083 0.04531 0.06389
2 0.6026 0.65833 0.06458 0.10741
0 0.53177 0.57917 0.05 0.0787
0 0.55833 0.82917 0.03438 0.075
0 0.67083 0.69907 0.04688 0.0963
0 0.74661 0.73102 0.05781 0.06389
0 0.86615 0.72963 0.08854 0.09815
0 0.93099 0.67176 0.09531 0.08611
0 0.95677 0.84769 0.05312 0.08241
