1 0.57266 0.86667 0.07552 0.16852
1 0.42526 0.93611 0.08385 0.07407
0 0.375 0.78333 0.04688 0.07037
2 0.47708 0.75139 0.0625 0.125
0 0.50833 0.89583 0.05312 0.11019
1 0.55521 0.6588 0.06875 0.13056
1 0.41354 0.61667 0.06563 0.11852
0 0.47214 0.5912 0.04531 0.0787
0 0.5138 0.52269 0.03281 0.06574
0 0.44766 0.45046 0.03177 0.05278
0 0.41094 0.39306 0.04063 0.06204
0 0.46615 0.30741 0.0375 0.07222
0 0.36068 0.36435 0.03385 0.05648
0 0.34089 0.5088 0.03698 0.06574
0 0.25703 0.49167 0.0474 0.05926
0 0.25755 0.3662 0.03802 0.06389
0 0.47656 0.18333 0.02292 0.06852
0 0.54297 0.1162 0.02135 0.06759
0 0.56849 0.08519 0.01927 0.05556
0 0.59115 0.1125 0.01979 0.0713
0 0.62214 0.06389 0.02448 0.07037
0 0.63932 0.09907 0.02344 0.06296
0 0.67396 0.13519 0.02813 0.06481
0 0.67396 0.07824 0.02708 0.06944
0 0.70208 0.10833 0.02917 0.06481
1 0.7224 0.21759 0.05417 0.09259
1 0.73359 0.31944 0.06615 0.09444
1 0.91094 0.30185 0.09479 0.09074
0 0.91536 0.4787 0.07135 0.06852
0 0.6526 0.49028 0.04479 0.06759
0 0.64349 0.39306 0.04219 0.06204
0 0.46953 0.10972 0.03073 0.07685
0 0.51094 0.0662 0.02813 0.0787
0 0.47083 0.05093 0.02813 0.06296
0 0.43854 0.06204 0.02917 0.08148
0 0.5651 0.04074 0.02292 0.04815
