1 0.32943 0.54259 0.11927 0.21111
1 0.57995 0.65694 0.15573 0.25648
2 0.37812 0.82546 0.17604 0.30833
0 0.43151 0.54769 0.06927 0.15648
0 0.43906 0.43056 0.04063 0.07222
0 0.51797 0.50417 0.04323 0.1213
0 0.71328 0.42269 0.05781 0.11019
0 0.75417 0.5162 0.07917 0.11759
1 0.78672 0.32269 0.0651 0.11944
1 0.83802 0.38472 0.09896 0.13611
0 0.95781 0.28889 0.04896 0.08519
0 0.7151 0.28935 0.02604 0.06204
0 0.74609 0.27037 0.02448 0.06296
0 0.69714 0.24444 0.02031 0.05185
0 0.70964 0.26157 0.02031 0.04537
0 0.67578 0.26528 0.0224 0.05833
0 0.65391 0.25324 0.01927 0.05278
0 0.67031 0.22407 0.01979 0.02963
0 0.62656 0.27315 0.01979 0.0463
0 0.60417 0.26991 0.01771 0.04907
0 0.60208 0.23889 0.01667 0.02037
0 0.58125 0.28102 0.02292 0.04722
0 0.51536 0.30324 0.0224 0.06019
0 0.48984 0.34815 0.03802 0.08704
0 0.40885 0.38565 0.04167 0.10463
0 0.36979 0.3662 0.03646 0.0787
0 0.29193 0.425 0.04531 0.06111
0 0.26589 0.35648 0.0349 0.07037
0 0.20911 0.42037 0.05677 0.09444
1 0.14271 0.78287 0.14167 0.08241
0 0.48932 0.23009 0.02344 0.07315
0 0.51172 0.24954 0.02135 0.05278
0 0.52187 0.22546 0.02083 0.05093
0 0.53229 0.2213 0.01354 0.04815
0 0.55104 0.24954 0.01979 0.04907
1 0.58281 0.22176 0.02083 0.05833
1 0.59818 0.20833 0.01823 0.04444
1 0.6099 0.20278 0.01354 0.04074
0 0.62656 0.22454 0.01979 0.04537
0 0.56302 0.21296 0.01458 0.02593
