1 0.14141 0.44907 0.09219 0.1
1 0.22865 0.36111 0.07708 0.1
1 0.12917 0.21528 0.08229 0.10278
0 0.23776 0.16806 0.0401 0.06204
0 0.19375 0.0625 0.03958 0.0787
0 0.21536 0.04259 0.03073 0.04259
0 0.33698 0.39769 0.03958 0.06574
0 0.38568 0.33472 0.03802 0.07685
0 0.06589 0.63056 0.07552 0.06296
0 0.0349 0.75926 0.06979 0.05926
0 0.30052 0.95278 0.05729 0.04815
0 0.42005 0.7287 0.05052 0.08889
0 0.52865 0.67454 0.04792 0.08611
0 0.51615 0.56574 0.03958 0.04815
0 0.56849 0.81481 0.04844 0.06481
0 0.63385 0.62731 0.03958 0.0713
0 0.72422 0.77454 0.05573 0.08426
0 0.48542 0.43889 0.02604 0.06296
0 0.54036 0.41296 0.03802 0.07037
0 0.64401 0.39815 0.03281 0.05556
0 0.57708 0.26898 0.03229 0.05093
1 0.50547 0.31019 0.0474 0.08889
1 0.54271 0.24074 0.04167 0.09259
1 0.52109 0.1088 0.0401 0.09907
0 0.54557 0.06898 0.02552 0.07315
0 0.56719 0.1213 0.02813 0.07593
0 0.59635 0.07083 0.03021 0.08241
0 0.64635 0.19815 0.03438 0.06481
0 0.63255 0.14954 0.02656 0.06204
0 0.57708 0.21852 0.02396 0.05926
0 0.4974 0.21852 0.03021 0.05926
2 0.57161 0.33241 0.04844 0.09444
1 0.59115 0.42778 0.05625 0.09259
1 0.63229 0.28519 0.04896 0.09444
0 0.68698 0.075 0.02917 0.06481
0 0.71745 0.04491 0.0224 0.05278
