2 0.22891 0.46759 0.16198 0.34444
2 0.49583 0.46435 0.12292 0.32685
2 0.75443 0.48009 0.17969 0.32685
2 0.58854 0.37315 0.08125 0.2037
2 0.39896 0.36019 0.06771 0.22407
3 0.47839 0.29815 0.03385 0.10741
3 0.52708 0.30417 0.03542 0.10833
0 0.85391 0.29167 0.03594 0.09074
0 0.90443 0.32176 0.07656 0.14722
0 0.71927 0.27222 0.03438 0.08704
0 0.77318 0.24352 0.0474 0.14259
0 0.20078 0.2338 0.04427 0.09352
0 0.11276 0.29722 0.0526 0.08333
0 0.02786 0.30278 0.05573 0.12222
2 0.27109 0.32222 0.06615 0.13333
3 0.36432 0.30278 0.0349 0.10741
