0 0.31146 0.55185 0.04792 0.07222
0 0.33854 0.44306 0.04583 0.07315
0 0.51068 0.75648 0.05156 0.0963
0 0.58333 0.61204 0.04792 0.08519
0 0.64766 0.68194 0.05156 0.06204
0 0.78229 0.69398 0.07083 0.08611
0 0.72995 0.52083 0.0474 0.0713
0 0.63828 0.48519 0.03906 0.06852
0 0.53568 0.53056 0.03594 0.0537
0 0.47135 0.44537 0.03438 0.0537
0 0.51198 0.38148 0.04063 0.06852
1 0.55885 0.35694 0.05104 0.09352
1 0.4513 0.31806 0.0526 0.09167
1 0.45703 0.23287 0.04427 0.08611
1 0.54323 0.21898 0.04375 0.09907
1 0.39557 0.13287 0.03906 0.09907
1 0.16667 0.63148 0.09583 0.11667
1 0.09714 0.79907 0.09948 0.05
0 0.40286 0.24444 0.0276 0.05556
2 0.51094 0.29306 0.04167 0.09722
0 0.49401 0.23935 0.02865 0.06389
0 0.4737 0.17778 0.01615 0.02407
0 0.4987 0.10324 0.01823 0.06389
0 0.52656 0.13148 0.02396 0.06481
0 0.58151 0.2912 0.03073 0.04352
0 0.43802 0.11065 0.03021 0.0787
0 0.40052 0.06111 0.02708 0.04815
0 0.44323 0.04676 0.025 0.04907
0 0.0888 0.41852 0.06406 0.0537
0 0.04271 0.0912 0.04583 0.06389
1 0.02292 0.16065 0.04583 0.08796
