0 0.26224 0.57454 0.07552 0.13611
0 0.39193 0.70509 0.0849 0.16759
0 0.46354 0.56574 0.05104 0.11111
0 0.51406 0.43287 0.0375 0.09537
0 0.61484 0.90231 0.09323 0.14167
0 0.80729 0.61157 0.08958 0.11759
1 0.66354 0.50787 0.10938 0.18796
1 0.82578 0.47222 0.10469 0.15556
1 0.59453 0.34583 0.06927 0.13241
1 0.6776 0.33843 0.05937 0.1213
1 0.7 0.24352 0.05417 0.07963
2 0.68854 0.39769 0.07083 0.10833
0 0.73906 0.39815 0.0375 0.0963
0 0.59141 0.46019 0.06406 0.12222
0 0.74583 0.26574 0.03542 0.08148
0 0.76562 0.30556 0.03958 0.08519
0 0.825 0.29259 0.04271 0.09074
0 0.87031 0.36713 0.04896 0.07685
0 0.90026 0.42917 0.06406 0.09537
0 0.03854 0.62083 0.07396 0.11204
0 0.03099 0.4588 0.06198 0.10278
0 0.09245 0.37176 0.06094 0.08056
0 0.02839 0.29769 0.0474 0.07685
0 0.06354 0.30602 0.04479 0.05833
0 0.08021 0.27222 0.04792 0.07407
0 0.1375 0.30463 0.04479 0.07593
0 0.14427 0.27917 0.04688 0.06759
0 0.20417 0.28241 0.0375 0.06481
0 0.19479 0.23704 0.02187 0.02407
1 0.29948 0.2537 0.04375 0.10741
1 0.36667 0.25509 0.04375 0.09722
1 0.38333 0.1875 0.03125 0.08241
1 0.52604 0.15833 0.02396 0.06111
0 0.40937 0.3088 0.03646 0.07685
0 0.47187 0.30741 0.03958 0.08519
0 0.4599 0.17315 0.01771 0.0463
0 0.47891 0.17454 0.01719 0.03796
0 0.44714 0.20417 0.01927 0.04352
0 0.56016 0.16389 0.01302 0.03148
