0 0.38906 0.74815 0.04896 0.08889
0 0.45469 0.8412 0.04583 0.09722
0 0.62995 0.55509 0.04427 0.06944
0 0.58307 0.41481 0.03594 0.06481
0 0.625 0.36944 0.02813 0.06111
0 0.65026 0.24861 0.03698 0.06204
0 0.57969 0.22546 0.02917 0.06944
0 0.54245 0.3 0.03385 0.06111
0 0.53047 0.44167 0.0276 0.06296
0 0.46068 0.49861 0.04844 0.05833
0 0.44453 0.40509 0.04219 0.06389
1 0.45651 0.32963 0.05677 0.0963
0 0.41823 0.2787 0.025 0.06852
1 0.34948 0.28981 0.04583 0.09259
0 0.33594 0.37176 0.0375 0.06759
2 0.38542 0.36898 0.05104 0.09352
1 0.37448 0.46991 0.06042 0.09722
1 0.31016 0.42083 0.06302 0.08981
0 0.27474 0.37593 0.03281 0.04444
0 0.27656 0.26435 0.03438 0.06759
0 0.22812 0.28611 0.0375 0.05926
0 0.26458 0.5338 0.04688 0.06574
1 0.16068 0.47546 0.09948 0.10093
0 0.10052 0.43981 0.0625 0.07407
0 0.12656 0.34583 0.06146 0.08241
0 0.18281 0.39583 0.05937 0.06944
0 0.16901 0.19583 0.03802 0.05833
0 0.14401 0.14491 0.04219 0.06019
0 0.09714 0.1287 0.0526 0.08519
0 0.03568 0.13796 0.05885 0.08148
0 0.75729 0.69537 0.05625 0.06667
0 0.85495 0.73148 0.08698 0.10556
0 0.93776 0.68611 0.09531 0.11296
0 0.94661 0.82639 0.0724 0.10648
