1 0.52266 0.64259 0.13281 0.23333
1 0.66641 0.47315 0.08594 0.17593
1 0.85573 0.6 0.16771 0.19815
2 0.70417 0.67083 0.12187 0.21389
0 0.86536 0.79861 0.1474 0.20648
0 0.26172 0.7713 0.10365 0.17222
0 0.21953 0.54954 0.07448 0.09907
0 0.33411 0.50231 0.06719 0.125
0 0.36302 0.38796 0.04271 0.10741
0 0.41771 0.49954 0.03854 0.08981
0 0.53385 0.46574 0.04479 0.09259
0 0.55807 0.52731 0.0651 0.09352
0 0.32135 0.33843 0.02917 0.06759
0 0.2888 0.29213 0.0349 0.0787
0 0.31589 0.2625 0.02656 0.0713
0 0.36615 0.27963 0.02396 0.05185
0 0.37448 0.2625 0.01979 0.05648
0 0.35599 0.23889 0.01927 0.04074
0 0.4013 0.25417 0.01927 0.04907
0 0.41068 0.21898 0.01927 0.06204
0 0.43542 0.22917 0.01458 0.04907
0 0.45052 0.22315 0.01354 0.04815
0 0.46693 0.23519 0.01927 0.0463
0 0.47839 0.21806 0.01406 0.04722
1 0.52344 0.23981 0.03021 0.08333
1 0.56797 0.25833 0.03802 0.07963
1 0.62422 0.21481 0.0349 0.07407
1 0.86484 0.24213 0.05156 0.08426
0 0.73542 0.23472 0.02813 0.05463
0 0.76745 0.23796 0.01927 0.03704
0 0.68021 0.25602 0.025 0.05833
0 0.60391 0.35 0.03906 0.08889
0 0.55339 0.31806 0.03281 0.0787
0 0.20625 0.27454 0.03438 0.08056
0 0.23333 0.26991 0.03542 0.08796
0 0.27057 0.25139 0.02344 0.06019
1 0.32135 0.21898 0.03542 0.09167
1 0.18828 0.21991 0.04323 0.05463
1 0.24792 0.2 0.03438 0.04444
0 0.12656 0.2537 0.03854 0.07222
0 0.06198 0.26435 0.04688 0.075
0 0.27604 0.21157 0.01667 0.03056
0 0.21432 0.20972 0.0224 0.03796
0 0.30182 0.19028 0.0099 0.03241
0 0.35625 0.20324 0.01562 0.025
0 0.43099 0.19398 0.01198 0.0213
0 0.8974 0.24444 0.02708 0.06481
0 0.94948 0.27037 0.03021 0.05185
