0 0.10391 0.43241 0.05677 0.07222
0 0.13021 0.34074 0.05833 0.07593
1 0.16615 0.46574 0.09167 0.09815
0 0.1862 0.38843 0.05781 0.06944
0 0.22969 0.27824 0.04063 0.05648
0 0.27969 0.25926 0.03125 0.06852
0 0.175 0.18657 0.03438 0.05833
0 0.14974 0.1338 0.03906 0.06204
0 0.10573 0.12222 0.05104 0.08519
0 0.04245 0.13009 0.0526 0.07685
0 0.27682 0.36852 0.03385 0.03519
0 0.26536 0.52824 0.04531 0.05833
1 0.30807 0.41528 0.05885 0.08796
0 0.3362 0.3662 0.0349 0.0713
1 0.34948 0.28194 0.04271 0.08981
2 0.38672 0.36481 0.04635 0.09074
1 0.37552 0.46343 0.05729 0.10093
1 0.45417 0.32963 0.05104 0.1037
0 0.42266 0.27778 0.02344 0.07037
0 0.44427 0.40556 0.04063 0.06852
0 0.4599 0.49444 0.03438 0.06111
0 0.38672 0.75 0.0526 0.09074
0 0.45234 0.8412 0.05052 0.10648
0 0.53177 0.44167 0.02708 0.06667
0 0.58047 0.41435 0.03906 0.06944
0 0.54141 0.29907 0.03073 0.06111
0 0.58047 0.22361 0.03281 0.06944
0 0.65182 0.24815 0.03385 0.07407
0 0.62448 0.37361 0.03125 0.0713
0 0.62786 0.56389 0.04531 0.08333
0 0.7612 0.70694 0.06094 0.07315
0 0.85729 0.7537 0.08958 0.10556
0 0.93542 0.70509 0.0875 0.09537
0 0.94453 0.84491 0.07448 0.09907
