0 0.33594 0.68102 0.04375 0.06944
0 0.44453 0.77176 0.04844 0.06204
0 0.39687 0.58981 0.04792 0.07407
0 0.36068 0.45093 0.04219 0.06296
0 0.45 0.54444 0.03021 0.05556
0 0.51667 0.46667 0.03542 0.05926
0 0.55078 0.54537 0.05365 0.07778
1 0.55339 0.63333 0.07344 0.10556
1 0.7151 0.71343 0.08333 0.11944
1 0.60365 0.44398 0.06042 0.10093
1 0.68411 0.48565 0.0651 0.10463
1 0.79453 0.39676 0.08073 0.11019
2 0.6263 0.58148 0.05885 0.09815
0 0.61823 0.75972 0.04375 0.08241
0 0.6875 0.58287 0.04583 0.075
0 0.68698 0.40648 0.03854 0.05741
0 0.74557 0.57593 0.0526 0.07037
0 0.83672 0.50278 0.07031 0.06667
0 0.86745 0.42963 0.06719 0.07778
0 0.93073 0.54861 0.0875 0.06944
0 0.87318 0.68333 0.07031 0.06111
0 0.83073 0.7412 0.07396 0.08241
0 0.49219 0.25278 0.04063 0.07037
0 0.54349 0.27778 0.03698 0.07593
1 0.43021 0.09769 0.04063 0.10093
1 0.48594 0.13565 0.04271 0.10093
0 0.5901 0.05972 0.02917 0.05648
1 0.15026 0.15602 0.0724 0.09537
1 0.12135 0.08889 0.05 0.05556
1 0.08516 0.05278 0.05052 0.06111
0 0.07969 0.37222 0.07083 0.07222
0 0.10625 0.25833 0.04479 0.05926
0 0.13203 0.36852 0.06927 0.07222
0 0.20547 0.34722 0.0526 0.06296
0 0.15208 0.30417 0.05937 0.0713
0 0.19766 0.26204 0.0474 0.07222
0 0.26745 0.38194 0.03594 0.04722
0 0.26562 0.24352 0.03646 0.06667
0 0.2526 0.18889 0.03333 0.0537
0 0.22057 0.16389 0.0349 0.06667
0 0.18464 0.08241 0.03906 0.06481
0 0.29609 0.17639 0.02969 0.05463
0 0.28099 0.10463 0.02969 0.05926
0 0.31745 0.11157 0.03281 0.06574
0 0.36276 0.09907 0.02656 0.06111
0 0.35964 0.04815 0.02031 0.04259
0 0.32656 0.06574 0.02708 0.06111
0 0.28932 0.04583 0.03177 0.05463
0 0.25885 0.06713 0.02813 0.06389
0 0.06875 0.16759 0.04479 0.05926
0 0.05495 0.21759 0.04948 0.05556
0 0.03698 0.12083 0.03854 0.04352
0 0.02031 0.06806 0.04063 0.05648
0 0.02266 0.15833 0.04531 0.07037
