1 0.14896 0.83333 0.20417 0.25926
1 0.48229 0.64769 0.15104 0.29537
1 0.70833 0.81343 0.18646 0.29907
1 0.75182 0.52731 0.14948 0.24907
2 0.5625 0.43935 0.11042 0.2287
2 0.72292 0.31806 0.09583 0.20833
2 0.7026 0.21111 0.07708 0.18148
1 0.57656 0.31574 0.08542 0.2037
2 0.47318 0.23519 0.07344 0.18889
1 0.46589 0.14259 0.06198 0.11296
0 0.55104 0.20694 0.05104 0.10833
0 0.54531 0.13704 0.04167 0.0963
0 0.63307 0.16343 0.0276 0.09537
0 0.63229 0.27407 0.03438 0.11667
0 0.18281 0.50093 0.09479 0.15741
0 0.16875 0.39306 0.0625 0.09167
0 0.28229 0.39676 0.06979 0.16204
0 0.2875 0.24954 0.05729 0.13426
1 0.22708 0.30278 0.09688 0.15741
1 0.08542 0.25417 0.10729 0.16944
0 0.03984 0.3162 0.07969 0.14907
0 0.17969 0.10926 0.04583 0.10556
0 0.33255 0.11759 0.03906 0.1037
1 0.27161 0.11574 0.05781 0.12407
