1 0.32448 0.75648 0.08021 0.1537
0 0.30651 0.67824 0.0526 0.07315
1 0.25911 0.5912 0.08073 0.09537
1 0.38724 0.43843 0.05885 0.09722
1 0.41797 0.65139 0.07135 0.12315
0 0.42422 0.50648 0.04219 0.07778
0 0.48099 0.53333 0.03073 0.05926
0 0.41979 0.31528 0.02813 0.06204
0 0.40208 0.22639 0.02813 0.06204
0 0.45573 0.17269 0.02708 0.06574
0 0.50156 0.26528 0.03333 0.075
0 0.50026 0.33704 0.03698 0.07778
0 0.48958 0.41019 0.03333 0.06481
0 0.58333 0.36019 0.03646 0.07963
0 0.31953 0.46065 0.03594 0.06204
0 0.15182 0.73611 0.06719 0.06296
2 0.35625 0.57407 0.05729 0.0963
0 0.5776 0.76991 0.04896 0.09167
0 0.64635 0.71019 0.05417 0.08519
1 0.8013 0.87546 0.10885 0.13796
1 0.89583 0.80556 0.12292 0.1537
0 0.92292 0.63519 0.075 0.07593
0 0.91172 0.52917 0.06094 0.0713
0 0.93437 0.46852 0.06563 0.06667
0 0.84167 0.44306 0.05625 0.0713
0 0.83828 0.38241 0.04948 0.05741
0 0.88932 0.34861 0.05156 0.06759
0 0.78932 0.36898 0.04427 0.05648
0 0.78984 0.27269 0.0474 0.07685
0 0.81042 0.18241 0.04167 0.08148
0 0.74219 0.13194 0.03333 0.05648
0 0.71562 0.1662 0.04688 0.06944
0 0.76068 0.20926 0.04427 0.08519
0 0.71172 0.24352 0.04635 0.07593
0 0.67396 0.30463 0.0375 0.05926
1 0.90703 0.26065 0.07969 0.11019
1 0.8526 0.06528 0.0625 0.09352
1 0.95807 0.25509 0.04844 0.09907
0 0.35807 0.92824 0.04635 0.08611
0 0.25156 0.79815 0.05 0.05185
