1 0.29115 0.38981 0.10208 0.2037
1 0.2151 0.39074 0.08958 0.15926
0 0.05781 0.51111 0.1 0.14074
0 0.0776 0.39815 0.07083 0.12222
0 0.15625 0.33935 0.02917 0.05833
0 0.1 0.3375 0.025 0.04537
0 0.43594 0.4588 0.06146 0.1213
0 0.4224 0.35972 0.05 0.06944
1 0.45052 0.34352 0.05312 0.11667
2 0.3612 0.37685 0.05781 0.15926
0 0.55703 0.43981 0.0401 0.10926
0 0.5526 0.36481 0.03333 0.03889
0 0.59089 0.36481 0.02448 0.06481
0 0.67734 0.41343 0.03177 0.08796
0 0.67005 0.36204 0.03281 0.02963
0 0.62891 0.41435 0.05469 0.13796
0 0.79922 0.52917 0.12656 0.2213
0 0.94974 0.34769 0.0349 0.06204
0 0.03281 0.35972 0.02396 0.06759
