0 0.11094 0.7287 0.07708 0.06481
0 0.05026 0.7088 0.07969 0.06574
0 0.09609 0.60787 0.07656 0.075
0 0.02526 0.57315 0.05052 0.05185
0 0.07891 0.50046 0.06823 0.05463
0 0.03932 0.45046 0.0724 0.06204
0 0.07865 0.37269 0.05104 0.05463
0 0.12057 0.41204 0.05885 0.06111
1 0.20599 0.3 0.06823 0.0963
1 0.28437 0.25417 0.06771 0.09167
1 0.23698 0.10139 0.05 0.09722
0 0.32734 0.09398 0.03281 0.07315
0 0.11875 0.09722 0.05 0.08704
0 0.06875 0.14954 0.06458 0.08611
0 0.36615 0.32778 0.03958 0.06111
0 0.41771 0.28843 0.03333 0.06389
0 0.3849 0.67176 0.05625 0.08796
0 0.49349 0.68889 0.04427 0.09259
0 0.50469 0.8412 0.05208 0.08241
0 0.60365 0.69676 0.04167 0.07315
0 0.49661 0.5713 0.03698 0.05741
0 0.49766 0.43611 0.02969 0.05556
0 0.67135 0.91157 0.05625 0.10463
1 0.6 0.48287 0.06146 0.11019
0 0.55391 0.43935 0.04115 0.06944
1 0.53672 0.32454 0.05052 0.10463
1 0.58828 0.27176 0.04635 0.10463
0 0.55 0.23009 0.02396 0.06944
2 0.59896 0.37778 0.05104 0.09074
0 0.62031 0.31852 0.03438 0.0537
1 0.6737 0.36019 0.05885 0.0963
0 0.66302 0.47593 0.03958 0.06296
0 0.63099 0.26481 0.02969 0.05185
1 0.59401 0.13333 0.04531 0.10185
0 0.62813 0.10278 0.03229 0.07593
0 0.64453 0.16528 0.03802 0.07685
0 0.67812 0.11296 0.03438 0.07963
0 0.70625 0.21852 0.03021 0.06481
0 0.71198 0.27778 0.03854 0.06481
0 0.78307 0.15833 0.03594 0.05741
0 0.83594 0.13935 0.03542 0.06574
0 0.84818 0.09074 0.04531 0.06481
0 0.83724 0.04444 0.04427 0.0537
