1 0.05911 0.42731 0.11823 0.14352
0 0.07396 0.33657 0.05 0.06944
0 0.12396 0.38657 0.06146 0.10833
0 0.16875 0.53056 0.06875 0.08519
0 0.21667 0.32083 0.03229 0.0713
0 0.17943 0.2625 0.03906 0.08056
0 0.14036 0.24722 0.0349 0.07407
0 0.08125 0.24537 0.03958 0.07222
1 0.25938 0.39815 0.07187 0.12407
1 0.32917 0.4287 0.06563 0.13519
2 0.36745 0.36435 0.05469 0.125
1 0.33828 0.30463 0.03906 0.07222
1 0.44844 0.33148 0.04688 0.11667
0 0.43698 0.39491 0.04479 0.10278
0 0.41745 0.32037 0.02552 0.06481
0 0.2724 0.31157 0.03646 0.06944
0 0.44896 0.48426 0.0375 0.1
0 0.27109 0.80926 0.10469 0.17222
0 0.39193 0.94861 0.07552 0.05833
0 0.69661 0.55463 0.06615 0.11852
0 0.6 0.41481 0.04896 0.11481
0 0.54089 0.4338 0.03698 0.08056
0 0.54401 0.3375 0.0276 0.06759
0 0.58047 0.29398 0.02656 0.07315
0 0.65339 0.30972 0.03594 0.06759
0 0.64453 0.3875 0.03281 0.08426
0 0.92188 0.25602 0.04167 0.06389
