0 0.42917 0.79167 0.05208 0.08889
0 0.50859 0.84676 0.05156 0.10093
0 0.62839 0.50093 0.04219 0.07407
0 0.56328 0.3838 0.03802 0.06944
0 0.6013 0.32593 0.02865 0.05556
0 0.6013 0.20417 0.0349 0.06019
2 0.36719 0.4088 0.05 0.08981
1 0.43542 0.34537 0.05729 0.09815
1 0.31536 0.33611 0.0526 0.09259
1 0.29167 0.48935 0.06563 0.10093
0 0.31016 0.42593 0.05365 0.07778
1 0.37188 0.51389 0.05833 0.09815
0 0.43672 0.42593 0.03698 0.06481
0 0.45911 0.50787 0.03385 0.06204
0 0.52109 0.42454 0.03073 0.06204
0 0.51198 0.28657 0.03021 0.05833
0 0.53776 0.20417 0.02969 0.06574
0 0.38906 0.30463 0.03125 0.07037
0 0.22917 0.34167 0.04167 0.06667
0 0.25156 0.46065 0.04271 0.05278
0 0.26094 0.61898 0.05312 0.06389
0 0.14479 0.51574 0.07292 0.06852
0 0.06849 0.4838 0.07969 0.0713
0 0.05339 0.60139 0.06823 0.09167
1 0.13854 0.60741 0.10417 0.0963
0 0.18151 0.37685 0.0474 0.06296
0 0.09297 0.30417 0.05156 0.06019
0 0.05391 0.25833 0.05469 0.05926
0 0.01536 0.26481 0.03073 0.06481
0 0.75651 0.58056 0.05365 0.05556
0 0.84089 0.58472 0.07656 0.09352
0 0.89687 0.51389 0.06875 0.07963
0 0.9513 0.52083 0.06198 0.07685
0 0.93646 0.62454 0.09688 0.08241
0 0.93698 0.75093 0.09167 0.09074
0 0.87135 0.8338 0.08958 0.09722
