0 0.23698 0.76528 0.10104 0.125
0 0.25599 0.5875 0.07031 0.10833
0 0.65208 0.72639 0.07708 0.13611
0 0.63073 0.49815 0.05 0.10185
0 0.7112 0.5037 0.04844 0.08333
0 0.79271 0.42546 0.05417 0.08241
0 0.68724 0.35046 0.0401 0.075
0 0.62057 0.37963 0.04323 0.07593
0 0.55781 0.475 0.03646 0.09074
0 0.47083 0.37222 0.03438 0.08704
1 0.51068 0.32963 0.05781 0.12037
1 0.3862 0.36343 0.06094 0.11574
1 0.36484 0.29722 0.05156 0.06852
0 0.40807 0.29444 0.03073 0.0463
2 0.44688 0.32222 0.04583 0.10556
1 0.44635 0.24722 0.04271 0.04074
0 0.45599 0.45602 0.0349 0.07685
0 0.30052 0.36944 0.04167 0.07037
1 0.26823 0.27083 0.05521 0.10648
0 0.31354 0.26157 0.03333 0.0713
0 0.30469 0.20602 0.02708 0.03426
0 0.37214 0.23287 0.02135 0.05463
0 0.40625 0.23796 0.02396 0.05741
0 0.37083 0.1838 0.02083 0.04352
0 0.37292 0.14907 0.01771 0.02778
0 0.35729 0.15139 0.01875 0.05278
0 0.32786 0.1412 0.02448 0.06204
