0 0.20026 0.64167 0.05781 0.05185
0 0.3224 0.50417 0.03854 0.05093
0 0.26068 0.76481 0.0474 0.06667
0 0.36068 0.66667 0.04115 0.05741
0 0.38333 0.48796 0.03542 0.06481
0 0.40182 0.35556 0.03385 0.06852
0 0.43958 0.49907 0.02708 0.05185
0 0.52135 0.49352 0.02917 0.05556
0 0.51589 0.59306 0.04115 0.075
0 0.50365 0.85324 0.03229 0.08796
0 0.6401 0.78472 0.05 0.09537
0 0.71901 0.85833 0.0526 0.07407
0 0.71927 0.62083 0.04271 0.06204
1 0.48385 0.67454 0.06875 0.11759
1 0.60417 0.55694 0.05833 0.10833
1 0.67578 0.69491 0.07135 0.11019
1 0.61432 0.9125 0.07135 0.11574
1 0.85677 0.7463 0.11458 0.12593
0 0.8599 0.90602 0.08438 0.06574
0 0.94141 0.89444 0.08177 0.08704
2 0.57552 0.70509 0.06354 0.10833
0 0.61172 0.35602 0.03385 0.06574
0 0.57448 0.28935 0.03021 0.06389
1 0.57292 0.10556 0.03646 0.09074
1 0.61354 0.17685 0.04375 0.09259
1 0.71016 0.06991 0.0401 0.09352
0 0.75313 0.18148 0.02917 0.06111
0 0.85313 0.12407 0.0375 0.07407
0 0.40182 0.12917 0.0224 0.06389
0 0.3625 0.23935 0.02813 0.05833
0 0.40807 0.07731 0.01823 0.03796
0 0.44062 0.09537 0.025 0.06111
0 0.475 0.05602 0.01875 0.06019
0 0.51224 0.06574 0.01927 0.05741
0 0.5276 0.03657 0.01146 0.03796
0 0.49766 0.0338 0.01198 0.03241
0 0.39115 0.04769 0.01979 0.05093
0 0.35469 0.0338 0.02083 0.02685
0 0.35078 0.10602 0.0276 0.07315
0 0.32995 0.17639 0.03073 0.0713
0 0.31094 0.1088 0.03021 0.06574
0 0.29688 0.05278 0.03229 0.0537
0 0.25078 0.12546 0.02865 0.08056
0 0.28281 0.15139 0.03229 0.0787
0 0.17005 0.05139 0.0401 0.06759
0 0.23073 0.03287 0.01562 0.025
