1 0.22943 0.29954 0.06823 0.10093
1 0.34557 0.32454 0.0526 0.08981
1 0.38932 0.40417 0.05156 0.10093
1 0.40937 0.22685 0.04583 0.09444
1 0.49115 0.32407 0.05521 0.10185
0 0.4737 0.25231 0.02865 0.04722
2 0.42656 0.31898 0.04896 0.08981
0 0.38568 0.29722 0.03385 0.06852
0 0.33724 0.27176 0.02969 0.03426
0 0.35885 0.18102 0.02813 0.06944
0 0.31901 0.17546 0.03177 0.06389
0 0.26224 0.24352 0.04427 0.07222
0 0.20104 0.23843 0.04375 0.05648
0 0.2362 0.17963 0.04844 0.07593
0 0.29219 0.07639 0.02187 0.06574
0 0.29479 0.40278 0.04167 0.06296
0 0.34323 0.65093 0.04167 0.08148
0 0.37344 0.77639 0.05729 0.09537
0 0.45937 0.47731 0.03854 0.06204
0 0.46771 0.3838 0.03958 0.06204
0 0.54141 0.47176 0.03698 0.07315
0 0.59505 0.47222 0.05156 0.07593
0 0.58594 0.34167 0.02917 0.07222
0 0.64375 0.2875 0.04063 0.0713
0 0.71979 0.35139 0.04479 0.06574
0 0.65495 0.45787 0.03802 0.06389
0 0.6099 0.65046 0.05104 0.10093
0 0.72109 0.90741 0.06302 0.1
