0 0.37734 0.69167 0.08698 0.16111
0 0.26536 0.55602 0.07448 0.12685
0 0.45859 0.56667 0.04323 0.10185
0 0.58776 0.91204 0.08177 0.11481
0 0.81589 0.63704 0.09323 0.11481
0 0.59271 0.46204 0.05521 0.13333
0 0.51901 0.43704 0.03594 0.09074
0 0.04714 0.57824 0.09427 0.10278
0 0.0638 0.42685 0.05885 0.09259
0 0.04167 0.37269 0.04688 0.05463
0 0.12318 0.35093 0.05156 0.07593
0 0.16901 0.28519 0.0349 0.06481
0 0.17396 0.25139 0.03542 0.03056
0 0.10312 0.2963 0.03229 0.06667
0 0.11849 0.25741 0.03906 0.07037
0 0.06953 0.28056 0.04219 0.07037
0 0.22734 0.27083 0.03594 0.06389
0 0.22214 0.22778 0.02031 0.02222
0 0.41901 0.30509 0.03177 0.0787
0 0.48203 0.3037 0.03073 0.07593
1 0.31562 0.24676 0.04271 0.09167
1 0.38385 0.25093 0.04167 0.08889
0 0.40026 0.18333 0.0276 0.07222
0 0.46484 0.20556 0.01823 0.05185
0 0.47865 0.17454 0.01458 0.05093
0 0.49818 0.17639 0.01302 0.03796
0 0.77292 0.27546 0.03542 0.08241
0 0.78802 0.3213 0.04479 0.09074
1 0.84427 0.49907 0.11667 0.16667
1 0.66068 0.52454 0.10781 0.18611
1 0.60417 0.35324 0.06875 0.13611
1 0.72214 0.26343 0.05365 0.09907
1 0.69141 0.35509 0.06615 0.11759
2 0.69089 0.40556 0.07969 0.10185
1 0.54453 0.15694 0.02448 0.05463
0 0.85677 0.30833 0.04583 0.09259
0 0.90781 0.39213 0.05104 0.08426
0 0.93411 0.45278 0.06615 0.08519
0 0.7375 0.42546 0.04375 0.11019
0 0.77083 0.39352 0.02396 0.0463
