0 0.3638 0.74259 0.04115 0.07037
0 0.48568 0.78796 0.0401 0.06852
0 0.46094 0.55417 0.03333 0.05093
0 0.4099 0.62731 0.04896 0.08426
0 0.35391 0.5 0.04531 0.06481
0 0.51589 0.4588 0.03385 0.05093
0 0.55937 0.52315 0.04583 0.07407
1 0.57526 0.60972 0.07344 0.09907
1 0.72526 0.61713 0.07865 0.11019
1 0.59583 0.40694 0.05625 0.09167
1 0.67474 0.42176 0.06198 0.09722
1 0.75417 0.31065 0.06667 0.11019
1 0.37891 0.12222 0.04427 0.09815
1 0.4388 0.14676 0.04115 0.09907
0 0.4612 0.25602 0.02865 0.0713
0 0.51641 0.27037 0.0349 0.06852
2 0.63073 0.53102 0.05208 0.09907
0 0.64661 0.69537 0.04427 0.07407
0 0.68281 0.51019 0.04479 0.06667
0 0.73151 0.47731 0.04635 0.06019
0 0.66068 0.34352 0.03385 0.06111
0 0.80078 0.39398 0.05469 0.0713
0 0.81589 0.31528 0.0526 0.07685
0 0.87995 0.3963 0.06927 0.07963
0 0.84974 0.53287 0.05573 0.06389
0 0.82292 0.59537 0.0625 0.05926
0 0.16615 0.45463 0.06458 0.06667
0 0.24193 0.46574 0.04948 0.0537
0 0.08385 0.5037 0.08958 0.07593
0 0.03229 0.53102 0.06354 0.06204
0 0.0375 0.39907 0.06979 0.07222
0 0.14323 0.36019 0.05833 0.06667
0 0.10521 0.42593 0.07187 0.06296
0 0.21979 0.31389 0.04375 0.05926
0 0.19922 0.26296 0.03594 0.0463
0 0.15 0.24537 0.04896 0.06296
0 0.24063 0.2412 0.04063 0.05648
0 0.26328 0.1662 0.03385 0.06204
0 0.30365 0.13889 0.03333 0.06111
0 0.29453 0.08426 0.0276 0.04259
0 0.53125 0.0463 0.02083 0.05
0 0.26068 0.10972 0.03281 0.04537
0 0.21484 0.09491 0.03802 0.06759
0 0.18698 0.13426 0.0375 0.06481
0 0.22005 0.17037 0.03594 0.06111
0 0.09661 0.17315 0.0474 0.06481
1 0.06875 0.2625 0.08854 0.09352
1 0.02865 0.20556 0.05729 0.07222
