1 0.39349 0.65417 0.1599 0.24722
1 0.32865 0.43519 0.09271 0.17222
0 0.39714 0.47685 0.06615 0.11481
0 0.48698 0.5125 0.05 0.11204
0 0.47474 0.41343 0.04115 0.08611
0 0.47526 0.34676 0.03906 0.05463
0 0.57005 0.36389 0.03698 0.0963
0 0.35417 0.33148 0.02813 0.06852
0 0.38099 0.36759 0.03073 0.07963
0 0.40677 0.29769 0.02187 0.06204
2 0.25182 0.58981 0.14948 0.25556
0 0.78203 0.76019 0.13594 0.19815
0 0.81901 0.59676 0.11094 0.13796
0 0.63568 0.33287 0.02448 0.06019
0 0.65156 0.27731 0.03021 0.06389
0 0.6375 0.24259 0.02708 0.07037
0 0.67656 0.25972 0.025 0.0713
0 0.70078 0.25833 0.02344 0.08519
0 0.71406 0.2912 0.03229 0.07315
0 0.73516 0.2537 0.02135 0.04259
0 0.74583 0.33519 0.03542 0.07037
0 0.82344 0.35741 0.03646 0.07963
0 0.90547 0.34352 0.04219 0.07963
0 0.93203 0.37083 0.05677 0.08796
0 0.79401 0.3287 0.03073 0.06852
0 0.81719 0.29491 0.02083 0.025
1 0.79063 0.2713 0.03854 0.08148
1 0.82995 0.25833 0.04115 0.06296
1 0.86276 0.25787 0.04115 0.0787
0 0.87656 0.29213 0.03646 0.05093
0 0.76484 0.25231 0.02135 0.04722
1 0.05729 0.7162 0.11458 0.20463
0 0.95495 0.30787 0.04427 0.05278
0 0.45937 0.32037 0.01771 0.0463
