0 0.26224 0.77824 0.10573 0.16204
0 0.21797 0.55972 0.07656 0.10278
0 0.32969 0.5037 0.06458 0.12593
0 0.35938 0.39306 0.04479 0.10463
0 0.41563 0.49537 0.04063 0.08889
1 0.52656 0.63796 0.13229 0.22407
0 0.55833 0.51898 0.07083 0.08056
0 0.53359 0.46944 0.04427 0.07778
1 0.66719 0.46713 0.09271 0.16574
1 0.84948 0.58565 0.16354 0.19907
0 0.86198 0.78519 0.14688 0.18889
2 0.70573 0.65787 0.12292 0.19907
0 0.60078 0.34537 0.0401 0.08519
0 0.54896 0.32222 0.0375 0.07778
1 0.56068 0.26065 0.03802 0.08611
1 0.51693 0.24213 0.03073 0.08426
1 0.61797 0.2162 0.03177 0.08056
1 0.84922 0.24352 0.05573 0.09444
0 0.72474 0.23287 0.02865 0.05833
0 0.75911 0.23935 0.02031 0.04167
0 0.88333 0.23843 0.03125 0.04907
0 0.67448 0.25139 0.02917 0.06019
0 0.46354 0.23981 0.02292 0.05
0 0.42969 0.23287 0.01771 0.05093
0 0.44609 0.21991 0.01615 0.05093
0 0.47448 0.21759 0.01771 0.05185
0 0.35833 0.27454 0.02083 0.05093
0 0.37135 0.25648 0.01979 0.06296
0 0.39974 0.2588 0.02656 0.05833
0 0.40469 0.21574 0.02292 0.05926
0 0.34974 0.23657 0.01927 0.04167
0 0.3526 0.20556 0.01458 0.02407
0 0.31536 0.33704 0.03281 0.06667
0 0.28021 0.28981 0.03229 0.08519
0 0.30911 0.26528 0.03177 0.06759
1 0.3125 0.22037 0.03333 0.08333
0 0.26172 0.24954 0.02656 0.05463
0 0.22552 0.27361 0.03854 0.09722
0 0.19687 0.27593 0.0375 0.08148
1 0.1763 0.22593 0.0401 0.05741
1 0.23906 0.20231 0.04479 0.05278
0 0.20417 0.21343 0.025 0.03611
0 0.1125 0.2588 0.04688 0.075
0 0.04818 0.26898 0.0474 0.0713
