0 0.26094 0.65463 0.09375 0.14259
0 0.44323 0.73704 0.08229 0.17222
0 0.69427 0.84028 0.07708 0.14722
0 0.48542 0.56991 0.04896 0.09722
0 0.50755 0.43056 0.02969 0.09074
0 0.58568 0.43287 0.05365 0.12315
0 0.7724 0.51435 0.06875 0.10093
0 0.67422 0.23889 0.02656 0.07778
0 0.69297 0.27315 0.02969 0.07593
0 0.73359 0.25556 0.03073 0.07593
0 0.78151 0.30833 0.0276 0.06296
0 0.87578 0.29259 0.04115 0.06667
0 0.9362 0.2713 0.04219 0.09259
0 0.37057 0.32824 0.03698 0.08796
0 0.4362 0.3088 0.03177 0.08426
1 0.22578 0.28611 0.05677 0.1037
1 0.3112 0.27407 0.05573 0.1
1 0.31302 0.1963 0.0375 0.07593
0 0.22734 0.19491 0.03177 0.06389
0 0.17448 0.20972 0.03229 0.06944
0 0.09766 0.32083 0.06406 0.10833
0 0.02396 0.36157 0.04792 0.10463
1 0.56953 0.32917 0.06302 0.125
1 0.6349 0.3162 0.05521 0.11019
1 0.6612 0.46713 0.0901 0.16574
1 0.76745 0.40417 0.0776 0.1287
1 0.63802 0.23241 0.04375 0.08333
2 0.6599 0.35694 0.08125 0.08981
1 0.45625 0.15417 0.02187 0.05648
0 0.38958 0.21296 0.02187 0.05
0 0.39323 0.17083 0.01667 0.03056
0 0.4125 0.18056 0.0125 0.03889
0 0.80677 0.33472 0.03958 0.04537
