1 0.12474 0.50787 0.09844 0.09537
1 0.21432 0.40324 0.0776 0.10463
1 0.09714 0.26389 0.08073 0.0963
0 0.2099 0.20417 0.04896 0.07315
0 0.15052 0.09583 0.04167 0.07685
0 0.17109 0.06759 0.03698 0.06852
0 0.32995 0.42454 0.04427 0.06389
0 0.37057 0.3463 0.04115 0.06852
0 0.04688 0.71481 0.07812 0.07407
0 0.4362 0.74398 0.0526 0.08981
0 0.53776 0.6662 0.04844 0.09537
0 0.58359 0.78889 0.05573 0.07222
0 0.63698 0.59167 0.04896 0.08333
0 0.73021 0.72176 0.05417 0.0787
0 0.73151 0.93611 0.0599 0.07593
0 0.52057 0.55926 0.03594 0.05
0 0.48359 0.43843 0.0349 0.05833
0 0.5375 0.40556 0.04063 0.07037
1 0.58568 0.41296 0.05156 0.1
1 0.61641 0.26713 0.05052 0.10093
1 0.52578 0.23565 0.04323 0.10463
1 0.49427 0.30648 0.04896 0.09444
2 0.56016 0.3213 0.0474 0.08889
0 0.63203 0.37454 0.03906 0.06204
0 0.56302 0.25741 0.03542 0.05
0 0.55755 0.20926 0.0276 0.06296
0 0.47682 0.21389 0.02865 0.06111
1 0.49557 0.1088 0.03802 0.10278
0 0.51979 0.06389 0.025 0.08519
0 0.54297 0.10926 0.02552 0.08333
0 0.56615 0.0588 0.02917 0.075
0 0.60495 0.1338 0.02448 0.06759
0 0.62786 0.17917 0.03281 0.06019
0 0.65781 0.05324 0.02604 0.05833
