0 0.39453 0.7588 0.05156 0.08981
0 0.46589 0.84583 0.05677 0.10648
0 0.62786 0.55046 0.04531 0.07315
0 0.7612 0.68009 0.05885 0.0787
0 0.85313 0.71019 0.08646 0.1
0 0.93099 0.65787 0.09635 0.09352
0 0.94271 0.79907 0.08229 0.09259
0 0.93724 0.90602 0.0849 0.07315
0 0.57839 0.40694 0.04323 0.07315
0 0.61823 0.35463 0.03646 0.06111
0 0.64167 0.23565 0.03125 0.06389
0 0.56979 0.21667 0.03229 0.05926
0 0.53542 0.29676 0.03646 0.05833
0 0.53021 0.44213 0.02708 0.075
0 0.46172 0.49722 0.03802 0.05
0 0.44375 0.40926 0.04063 0.06852
2 0.37969 0.37269 0.04792 0.08796
1 0.4513 0.33148 0.04844 0.08704
1 0.34141 0.29444 0.04844 0.09259
1 0.3737 0.47546 0.0599 0.09722
1 0.30547 0.43333 0.05885 0.09074
1 0.15729 0.49074 0.09375 0.08519
0 0.09531 0.46343 0.06042 0.06389
0 0.11771 0.36574 0.06146 0.07222
0 0.1737 0.41389 0.06198 0.06852
0 0.26484 0.55231 0.04635 0.05833
0 0.26589 0.38519 0.0276 0.04259
0 0.33047 0.37546 0.03698 0.06389
0 0.41302 0.28333 0.02813 0.06111
0 0.26849 0.27546 0.03177 0.05833
0 0.21875 0.29815 0.04688 0.05926
0 0.15573 0.21111 0.04167 0.0537
0 0.12656 0.16019 0.04271 0.06296
0 0.08255 0.14722 0.04531 0.07593
0 0.02344 0.16204 0.04583 0.07593
